# scale mvir dist vel rvir rs vmax rvmax x y z
1.0 267800000.0 0.8625302728797173 41.610508874831844 13.242 0.163 21.14 0.39478 63.21233 61.59685 70.94131
0.98733 268200000.0 0.8590678294109539 56.035880417941875 13.32 0.146 21.38 0.37464 63.20733 61.61642 70.90333
0.97483 268700000.0 0.8551662603501101 78.70077261667413 13.399 0.155 21.5 0.36167 63.20238 61.63618 70.86474
0.96248 269200000.0 0.8532150729217354 90.2682194277682 13.478 0.156 21.11 0.39901 63.19739 61.65608 70.82556
0.95029 269200000.0 0.8515721038553088 93.05671671398031 13.547 0.144 20.99 0.45337 63.19249 61.67607 70.78584
0.93825 270100000.0 0.8520758196661861 84.45820693072714 13.631 0.148 21.05 0.4086 63.18755 61.69626 70.74545
0.92637 270200000.0 0.8554701284243418 95.56549357345746 13.701 0.153 20.69 0.44864 63.18259 61.71653 70.70439
0.91463 270400000.0 0.8595804194854818 92.88308322517167 13.77 0.155 20.84 0.50622 63.17769 61.73705 70.66274
0.90305 270000000.0 0.8625520060606491 89.52616115521427 13.83 0.158 20.76 0.51078 63.17277 61.75761 70.62046
0.89161 271500000.0 0.8671319277032052 84.81480688610019 13.919 0.162 20.51 0.51836 63.16786 61.77835 70.57756
0.88031 278400000.0 0.8679894083930849 84.32295179609652 14.1 0.173 20.73 0.51655 63.16295 61.79923 70.53403
0.86916 281200000.0 0.8698549649246657 79.6316283526101 14.21 0.186 20.53 0.58478 63.15803 61.82017 70.48981
0.85815 276900000.0 0.8726699411468731 77.6654552488861 14.199 0.187 20.53 0.43072 63.15308 61.8412 70.44495
0.84728 275500000.0 0.8754575586885542 76.0171815802876 14.236 0.19 20.57 0.52567 63.14818 61.86234 70.39935
0.83655 276500000.0 0.878886097140531 72.72844683753873 14.313 0.19 20.59 0.49048 63.1432 61.88355 70.35313
0.82595 277000000.0 0.8806766969380474 71.7832597431672 14.382 0.207 20.16 0.50588 63.1382 61.90479 70.30621
0.81549 276000000.0 0.8822880397123622 68.3913768229806 14.421 0.195 20.33 0.66491 63.13305 61.92612 70.25863
0.80516 268900000.0 0.8827001197289921 64.69742744116621 14.353 0.19 20.1 0.6988 63.12786 61.94746 70.21037
0.79496 269500000.0 0.8835874531463807 62.05213378365507 14.419 0.203 19.91 0.68186 63.12255 61.96878 70.16132
0.78489 269000000.0 0.88450709574114 60.037025794234154 14.465 0.206 20.13 0.71802 63.11715 61.99012 70.11154
0.77495 269500000.0 0.8862762810505277 57.77495722604448 14.527 0.203 20.38 0.59304 63.11159 62.01141 70.06097
0.76513 269800000.0 0.8874007887046479 54.42133382946767 14.585 0.21 20.05 0.7751 63.10582 62.03278 70.00969
0.75544 270000000.0 0.8871778661638142 51.66418032129909 14.639 0.215 19.91 0.64189 63.09984 62.05414 69.95762
0.74587 270700000.0 0.8885188229320689 54.51970970916301 14.702 0.229 19.99 0.6085 63.09362 62.07528 69.90478
0.73643 269800000.0 0.8891576058810997 53.388455217689426 14.736 0.231 19.76 0.70176 63.08701 62.09644 69.85105
0.7271 269900000.0 0.8891515135672358 53.35625503987464 14.787 0.229 19.84 0.81383 63.08001 62.11748 69.79649
0.71789 270800000.0 0.8869251566204379 50.1924779923176 14.851 0.237 19.78 0.90304 63.07254 62.13834 69.74113
0.70879 271000000.0 0.8845197589315452 53.85273109111306 14.901 0.25 19.51 0.81199 63.06458 62.15892 69.68507
0.69982 271000000.0 0.8813855241660737 55.85045816740334 14.946 0.246 19.76 0.87991 63.05618 62.1793 69.62823
0.69095 272500000.0 0.8783090907392466 60.01602632440607 15.02 0.249 19.82 0.73557 63.0472 62.19927 69.57062
0.6822 272900000.0 0.8725283046670879 64.6049221618251 15.071 0.257 19.63 0.71001 63.03775 62.21876 69.51231
0.67356 273300000.0 0.8675717114792802 68.8083919946084 15.122 0.261 19.61 0.69508 63.02761 62.23773 69.45334
0.66503 273600000.0 0.8641201347399814 69.98044650798927 15.169 0.274 19.74 0.90086 63.01687 62.25629 69.39384
0.6566 274600000.0 0.8571972271300832 70.08089890186751 15.229 0.291 19.41 1.03732 63.00536 62.27416 69.33385
0.64828 275600000.0 0.8454775861379946 72.26279813237873 15.288 0.287 19.55 0.86861 62.99314 62.29144 69.27342
0.64007 276000000.0 0.8400348233978905 72.84397719123746 15.335 0.309 19.46 1.15373 62.98014 62.30791 69.21275
0.63197 278400000.0 0.8316994973921705 70.31430685278342 15.418 0.313 19.6 0.98928 62.9663 62.3236 69.15179
0.62396 279700000.0 0.8274816639378245 73.23199005669409 15.482 0.328 19.28 1.22905 62.95161 62.33848 69.0907
0.61606 281000000.0 0.8157151662972356 82.82910875407657 15.543 0.343 19.65 1.07039 62.93606 62.35257 69.02962
0.60825 280000000.0 0.8174035187987485 79.28929276227095 15.56 0.368 19.3 1.07358 62.91971 62.36581 68.96873
0.60055 282700000.0 0.8238584852336114 83.94443383875912 15.647 0.41 19.23 1.46886 62.90224 62.37804 68.90803
0.59294 285800000.0 0.7948211886990094 69.0637542390897 15.738 0.421 19.37 1.14975 62.88391 62.38931 68.84794
0.58543 289100000.0 0.8083624923455554 92.69172571962596 15.835 0.489 18.98 1.25049 62.86479 62.39974 68.78867
0.57802 292200000.0 0.818044051592893 104.9274235967441 15.924 0.492 19.1 1.13078 62.84498 62.40922 68.73034
0.57069 296200000.0 0.8267453880296536 101.95130204961646 16.029 0.522 18.84 2.46159 62.82435 62.41836 68.67279
0.56346 299000000.0 0.8341697690188086 92.78797187497115 16.112 0.432 20.8 1.02223 62.80404 62.42639 68.6172
0.55633 289200000.0 0.8386344059163764 85.24914931946749 15.967 1.056 16.79 0.62315 62.78364 62.43273 68.56168
0.54928 296800000.0 0.8419034142919394 68.69916285786451 16.135 1.311 16.78 0.58329 62.7623 62.43967 68.50718
0.54232 295800000.0 0.8234361154151718 59.88202962092276 16.148 1.045 17.19 0.55915 62.74084 62.44696 68.45406
0.53545 288200000.0 0.8471093147957472 46.14403197438473 16.037 0.536 17.91 4.0941 62.71968 62.45606 68.40607
0.52867 144300000.0 0.8421494455472824 79.68980274889769 12.757 0.308 15.39 1.77103 62.69958 62.46097 68.35561
0.52197 153300000.0 0.8271674718255008 53.761108597611106 13.04 0.381 15.36 1.73109 62.67926 62.46609 68.3056
0.51536 159800000.0 0.8077276002596988 48.86657102700667 13.243 0.465 15.25 1.64006 62.65922 62.4719 68.25705
0.50883 174300000.0 0.8087273919519232 53.12914918189244 13.654 0.489 15.69 2.29624 62.63976 62.47785 68.21007
0.50239 301900000.0 0.7908069310737428 43.29414476118498 16.425 1.012 16.11 2.02592 62.62102 62.48389 68.16447
0.49602 305000000.0 0.7835565259691326 34.82703811301383 16.505 1.022 16.18 1.99531 62.60299 62.49009 68.12012
0.48974 303800000.0 0.7805116494259067 37.54753312327392 16.508 0.963 15.92 2.00901 62.58577 62.49627 68.0766
0.48354 303500000.0 0.7903889835181337 42.08465666094421 16.527 1.214 16.1 1.9815 62.56949 62.50266 68.03407
0.47741 302400000.0 0.7872810964399352 31.386612110701005 16.531 1.232 16.12 2.09703 62.55394 62.50925 67.99226
0.47137 300100000.0 0.7691972202906583 37.61296476769323 16.51 1.224 16.19 2.0992 62.53896 62.51597 67.95123
0.4654 305500000.0 0.7635675118167102 47.27211141746267 16.631 1.322 16.11 1.98746 62.52465 62.52293 67.91081
0.4595 310800000.0 0.7678679696465032 52.050904819506684 16.748 1.488 15.89 2.41424 62.51112 62.53003 67.87072
0.45368 321300000.0 0.7635219132923209 34.60316005983765 16.957 1.284 16.01 2.20465 62.49806 62.53746 67.83105
0.44793 332500000.0 0.7614776512123766 34.68776922219222 17.171 1.77 15.96 2.57177 62.48547 62.545 67.79185
0.44226 339900000.0 0.7603534629644705 27.23566743361322 17.319 1.947 16.14 2.50036 62.47334 62.55273 67.75307
0.43666 340000000.0 0.7576707145153464 18.35069342394234 17.34 1.955 16.05 2.6053 62.46157 62.56059 67.71458
0.43113 342500000.0 0.7607261634086728 19.457847876590346 17.402 1.962 16.02 3.06036 62.45016 62.56855 67.67638
0.42566 341700000.0 0.7596492635899212 10.498315036112732 17.408 1.87 16.24 2.36409 62.43913 62.57647 67.63842
0.42027 339900000.0 0.7584326409362477 18.7664642063657 17.394 1.651 16.28 2.26061 62.42844 62.58442 67.60063
0.41495 365600000.0 0.7555584162536556 20.568508869474513 17.84 1.955 16.56 10.501 62.41805 62.59225 67.56312
0.40969 364400000.0 0.7492495539705298 45.60261604059771 17.839 1.885 16.63 10.5399 62.40797 62.60003 67.52561
0.4045 362900000.0 0.7416252548505007 50.700761505910165 17.83 2.144 16.37 11.337 62.39827 62.60764 67.48801
0.39938 358800000.0 0.7343929051616654 51.728986021230334 17.779 2.445 16.52 2.61906 62.38881 62.6152 67.45043
0.39432 350000000.0 0.7279588518031052 52.68934779332843 17.648 2.614 16.38 2.98626 62.37942 62.62292 67.41277
0.38933 333000000.0 0.7217341573146426 60.68550903750515 17.374 2.165 16.29 2.70448 62.37003 62.63055 67.37521
0.3844 244400000.0 0.7152360540199371 46.858912244149266 15.684 1.349 16.24 2.7718 62.36074 62.63823 67.33765
0.37953 224500000.0 0.706529884564888 59.765912682010445 15.259 1.169 16.36 2.6994 62.35149 62.64591 67.30026
0.37472 216500000.0 0.6984738361214258 59.090975952146096 15.088 1.098 16.37 2.95512 62.34232 62.65361 67.26312
0.36997 211500000.0 0.6915067334984993 51.45742340813161 14.981 1.009 16.58 2.81036 62.33323 62.66129 67.22606
0.36529 207200000.0 0.6859525654584067 48.17572919954783 14.889 1.002 16.54 2.70239 62.32425 62.66895 67.18915
0.36066 204900000.0 0.6804621391853423 46.84648486960437 14.844 1.073 16.45 2.97379 62.31536 62.67672 67.15247
0.35609 203000000.0 0.67460146096542 47.85334986658734 14.808 1.166 16.22 3.02176 62.30641 62.68446 67.11582
0.35158 201200000.0 0.6719456044570883 47.813910000209866 14.775 1.151 16.11 3.84292 62.29759 62.69215 67.07936
0.34713 199400000.0 0.6658890411200382 49.34218038923771 14.741 1.181 16.27 3.34002 62.28868 62.70004 67.04302
0.34273 197300000.0 0.6614715969449058 56.735376786331834 14.698 1.19 16.28 3.35185 62.27979 62.70772 67.00695
0.33839 196000000.0 0.6589595248418526 54.81672722901805 14.674 1.248 16.21 3.13331 62.27098 62.71542 66.97099
0.3341 194000000.0 0.6514073370169812 47.45078100013979 14.633 1.301 16.17 2.86241 62.26229 62.72312 66.93523
0.32987 191600000.0 0.6438909065122939 53.71889244045635 14.579 1.335 16.2 3.14716 62.25367 62.73088 66.89973
0.32569 189200000.0 0.6360359140187816 39.9800712448197 14.528 1.282 16.14 3.50625 62.24505 62.73869 66.86427
0.32157 185000000.0 0.6464305930315559 55.96908908219456 14.427 1.23 16.03 3.72456 62.23662 62.74647 66.82901
0.31749 182500000.0 0.6386789763663536 63.613206156171024 14.368 1.25 16.14 3.48114 62.22792 62.75409 66.79427
0.31347 181200000.0 0.6279222987169092 40.24691942060333 14.342 1.225 16.15 3.80514 62.21929 62.76178 66.75955
0.3095 179600000.0 0.6204461040870688 68.47627771831856 14.304 1.279 16.18 2.90351 62.21066 62.76932 66.72522
0.30558 178200000.0 0.6171310553098444 69.55467065641787 14.275 1.341 16.13 3.31214 62.20193 62.777 66.69081
0.30171 176600000.0 0.6149051474844167 68.77136319077387 14.239 1.467 15.91 3.66853 62.19315 62.78468 66.65669
0.29789 175900000.0 0.6132486295889447 65.86708146878894 14.226 1.433 15.93 3.36544 62.1844 62.79229 66.62299
0.29411 175400000.0 0.6110148220347686 61.638946831709106 14.218 1.514 15.89 3.46226 62.17563 62.79985 66.58943
0.29039 174300000.0 0.6076722353701801 55.4139724442602 14.194 1.629 15.85 3.60154 62.16681 62.80739 66.5562
0.28671 172800000.0 0.6033923268643319 56.49209918842944 14.159 1.553 15.77 4.15549 62.15823 62.81495 66.52319
0.28308 172300000.0 0.5977443308107914 59.1430206193107 14.15 1.614 15.67 4.93582 62.14957 62.82254 66.49039
0.27949 171200000.0 0.5906883067154551 63.846489758054986 14.125 1.666 15.64 3.41823 62.14098 62.83008 66.45788
0.27595 171100000.0 0.5821999823176471 74.22685929419399 14.127 1.819 15.57 3.48732 62.13235 62.83767 66.42558
0.27246 171700000.0 0.5729068185005455 86.03824780122491 14.148 1.926 15.63 4.27683 62.12372 62.84521 66.39346
0.26901 170900000.0 0.5634884624494206 92.74483050512784 14.13 1.921 15.82 3.65346 62.11504 62.85278 66.36168
0.2656 170700000.0 0.5553480143818627 95.45227125823135 14.128 1.861 15.8 3.76634 62.1064 62.86035 66.33037
0.26223 168200000.0 0.5491727582347475 98.69882523742166 14.063 1.764 16.05 4.25837 62.09771 62.86792 66.29929
0.25891 168800000.0 0.5456933909744316 87.83472534126356 14.084 1.725 16.19 4.08311 62.08922 62.87539 66.26836
0.25563 168200000.0 0.5445920997067198 79.31606107984047 14.071 1.693 16.14 4.23917 62.08081 62.88292 66.23785
0.2524 167400000.0 0.5459551672581814 72.2761118618171 14.052 1.747 16.4 5.74763 62.07229 62.8905 66.20775
0.2492 167600000.0 0.5489121964272974 65.76487257742188 14.063 1.753 16.5 5.1805 62.06382 62.89808 66.17787
0.24604 169000000.0 0.5530305986450305 64.54469445990487 14.104 1.786 16.33 5.33079 62.05533 62.90566 66.14835
0.24292 169800000.0 0.5570102679030691 63.37642778618898 14.131 2.095 16.08 6.46266 62.04665 62.9132 66.11886
0.23985 169300000.0 0.5610884028736244 59.885631726282085 14.118 2.282 16.0 4.49945 62.03788 62.9208 66.08964
0.23681 169800000.0 0.5646697672558235 55.46962885263288 14.136 2.258 16.05 4.29067 62.02913 62.92842 66.06072
0.23381 181600000.0 0.5686279927730669 50.011419307811245 14.461 2.698 16.08 4.78455 62.0204 62.9359 66.03196
0.23085 179500000.0 0.5743757102535993 49.01123733225762 14.407 2.702 16.24 4.59854 62.01171 62.94343 66.00347
0.22792 171900000.0 0.5767636535823009 44.50873867962088 14.203 2.458 16.37 3.64601 62.00305 62.95086 65.97516
0.22504 164100000.0 0.5782381376249351 41.15543218937073 13.987 2.183 16.52 4.32509 61.99439 62.9584 65.94698
0.22219 154600000.0 0.581519258141998 41.70677565966627 13.714 2.017 16.29 4.24559 61.98583 62.96588 65.91912
0.21937 159700000.0 0.5837168464747754 43.13128631923756 13.866 2.422 16.18 5.30614 61.9774 62.97338 65.89159
0.21659 160800000.0 0.5851804949945684 43.904786800853465 13.901 2.854 16.03 4.59108 61.96905 62.98087 65.86428
0.21385 151100000.0 0.5875481714387686 41.34790167602608 13.619 2.676 15.88 5.20807 61.96065 62.9883 65.83723
0.21114 146800000.0 0.5897319127205518 35.197221580871656 13.491 2.595 15.82 4.38616 61.95226 62.99583 65.81017
0.20847 143100000.0 0.5907047219368399 37.63864106833575 13.378 2.415 15.91 4.33223 61.944 63.0034 65.78359
0.20583 140600000.0 0.5918547497063356 35.60126059981281 13.301 2.326 15.89 4.51934 61.93581 63.01091 65.75712
0.20322 138600000.0 0.5921924709617874 33.152575914373706 13.238 2.271 16.01 5.33694 61.92745 63.01855 65.73086
0.20064 137100000.0 0.591640641188981 24.380254848985278 13.194 2.329 16.21 4.76303 61.91955 63.0262 65.70463
0.1981 136900000.0 0.591977294769177 23.67404541166704 13.188 2.222 16.19 5.18525 61.9116 63.03363 65.67873
0.19559 137800000.0 0.5916699485061072 24.43408392956156 13.218 2.397 16.2 5.74192 61.90349 63.04097 65.65284
0.19312 138800000.0 0.5915644955115335 26.421762061316766 13.254 2.704 16.18 4.99692 61.89579 63.04828 65.62734
0.19067 139400000.0 0.5912123519916496 23.003530515431052 13.275 2.963 16.07 5.47804 61.88777 63.05526 65.60191
0.18825 139400000.0 0.5916918707870976 26.885288346262804 13.274 3.109 15.96 8.22062 61.88007 63.06246 65.57683
0.18587 136600000.0 0.5895777511197708 32.87996186916072 13.186 2.911 16.14 8.30841 61.87225 63.06948 65.5518
0.18351 132000000.0 0.5895474819202912 24.279948208925713 13.04 2.425 16.36 9.02974 61.86463 63.07645 65.52716
0.18119 126900000.0 0.5912439093777928 44.52363206783835 12.869 1.923 16.73 7.67611 61.85714 63.08351 65.50233
0.1789 121800000.0 0.5921562079442245 48.37007305715022 12.695 1.687 17.38 6.60576 61.84974 63.09035 65.47781
0.17663 117600000.0 0.5940855852400239 57.35047437231922 12.548 1.549 17.85 4.92339 61.84233 63.09702 65.4536
0.17439 114300000.0 0.5925320907471108 52.324735968188776 12.431 1.517 17.91 4.41727 61.83523 63.10361 65.42973
0.17218 111000000.0 0.5927068547831927 47.83949781492426 12.312 1.727 17.29 4.74696 61.82812 63.10972 65.40633
0.17 108400000.0 0.5961487963641007 44.181787808166035 12.215 2.046 16.29 4.20581 61.82088 63.11625 65.38367
0.16785 104300000.0 0.5975080710893846 40.17486379315236 12.062 2.233 15.78 3.75388 61.81351 63.12266 65.36136
0.16572 98520000.0 0.5970572660964222 38.903064426877606 11.835 2.729 15.09 4.06507 61.80629 63.12883 65.33926
0.16362 88470000.0 0.5981973508946569 37.92842445792285 11.42 3.059 14.46 5.48501 61.79934 63.1351 65.31731
0.16155 82090000.0 0.5995253806391406 36.81645877657174 11.139 3.05 14.17 6.65478 61.7922 63.14124 65.29516
0.1595 78780000.0 0.6006307633417178 35.18768389543233 10.988 3.039 13.96 5.68233 61.78512 63.14708 65.27375
0.15748 74410000.0 0.6016621038515928 32.888181229730854 10.781 2.984 13.9 5.72238 61.77795 63.15326 65.25238
0.15549 70920000.0 0.6012269665907768 32.94194636289435 10.611 2.532 14.04 6.84759 61.77106 63.15919 65.23075
0.15352 71200000.0 0.6013255214971274 28.83943736359535 10.626 2.653 14.17 6.50157 61.76411 63.16521 65.20964
0.15157 69370000.0 0.6007025468467023 29.898599237402752 10.534 2.399 14.2 6.30827 61.7573 63.17097 65.1888
0.14965 69050000.0 0.600355018222506 27.43000710348615 10.519 2.461 14.25 7.14125 61.75062 63.17649 65.16819
0.14776 68490000.0 0.6002019186560978 25.813724823570205 10.491 2.556 14.39 5.43296 61.74405 63.18237 65.14783
0.14589 66480000.0 0.5999485765549887 21.149320856397953 10.388 2.302 14.36 5.17919 61.73739 63.18799 65.12763
0.14404 66200000.0 0.6006269158096424 16.627690077312664 10.373 2.307 14.48 7.35313 61.7307 63.1937 65.10801
0.14221 65000000.0 0.5993978297757555 14.703447453875492 10.311 2.303 14.53 5.26169 61.7244 63.19944 65.08862
0.14041 63830000.0 0.5999447469871984 15.764030061326855 10.25 2.382 14.59 5.52656 61.71781 63.20489 65.0694
0.13863 62070000.0 0.6004500464210625 14.520118646689186 10.155 2.068 14.58 6.48681 61.71141 63.21018 65.05076
0.13688 59960000.0 0.6014605763369798 19.98631274941774 10.039 2.067 14.71 4.195 61.70509 63.21521 65.0322
0.13514 57660000.0 0.6035852683822212 23.177603936563475 9.91 1.893 14.66 4.90345 61.69904 63.22059 65.01373
0.13343 54810000.0 0.6042727055117968 17.46103866642757 9.744 1.741 14.56 4.70883 61.69282 63.22528 64.99596
0.13174 53010000.0 0.6074282848372216 34.50746760943356 9.636 1.95 14.21 6.19968 61.68692 63.23017 64.97822
0.13007 51570000.0 0.6095449419210245 35.428297657931594 9.548 2.099 13.97 3.60073 61.681 63.23483 64.96066
0.12843 50120000.0 0.6123379759437081 35.255230470844836 9.459 2.191 13.75 5.05667 61.67521 63.23956 64.94305
0.1268 47300000.0 0.6138521168793707 32.440708865548864 9.278 2.465 13.56 4.05629 61.66915 63.24419 64.92566
0.12519 46460000.0 0.6156707382500894 33.31293320585091 9.223 2.258 13.43 5.03226 61.66331 63.24858 64.90844
0.12361 44840000.0 0.6164909595018037 33.82526759154819 9.114 2.481 13.37 6.7147 61.6577 63.25331 64.89153
0.12204 42930000.0 0.6184547384711594 30.32208219937487 8.984 1.932 13.44 6.5662 61.65212 63.25774 64.87435
0.1205 41060000.0 0.6205232950241977 27.616175087801906 8.852 1.786 13.56 5.04224 61.64626 63.26176 64.85783
0.11897 40430000.0 0.6218466257488589 26.582564520734795 8.806 1.903 13.9 5.50368 61.64095 63.26601 64.84125
0.11746 38600000.0 0.623446383456755 25.587369312635207 8.671 1.541 14.23 5.0912 61.63555 63.27006 64.82481
0.11597 37780000.0 0.6249402904999402 23.398437849675396 8.611 1.259 14.6 3.98715 61.63031 63.27456 64.80875
0.11451 36300000.0 0.6250798281524657 21.43568801042708 8.497 0.988 14.98 3.69453 61.62517 63.27882 64.79256
0.11306 34860000.0 0.6260481488969616 21.224033701546592 8.383 0.725 15.25 3.82231 61.62 63.28299 64.7767
0.11162 33340000.0 0.627147854908413 17.776596052877583 8.26 0.762 15.25 2.8433 61.61448 63.28687 64.76132
0.11021 32640000.0 0.626989655467018 18.07588893839269 8.201 0.608 15.09 2.18032 61.60962 63.29091 64.7452
0.10881 31190000.0 0.6263327660153313 14.552628451337574 8.079 1.24 14.21 2.83401 61.60534 63.2959 64.72959
0.10744 28370000.0 0.6260611937124244 16.600055641725245 7.828 1.872 12.94 5.44851 61.60099 63.29978 64.71375
0.10607 26440000.0 0.6251355319481597 21.56035526867665 7.645 3.406 12.1 5.61589 61.5964 63.30347 64.69831
0.10473 26190000.0 0.627324331294857 23.37114359070756 7.622 3.038 12.05 5.95695 61.5908 63.30698 64.68398
0.1034 19320000.0 0.6268833152659977 23.402958180519303 6.886 3.036 10.87 6.75331 61.587 63.3105 64.66866
0.1021 15510000.0 0.62787856272119 24.36263368146975 6.401 1.948 10.36 4.69979 61.5818 63.31439 64.65404
0.1008 13150000.0 0.6281660540953493 23.391444882521153 6.058 1.096 10.39 2.50565 61.57753 63.31778 64.63956
0.09952 12200000.0 0.6286977387951841 23.3301418731474 5.908 1.06 10.49 3.37972 61.5732 63.32146 64.62483
0.09826 11460000.0 0.6285167512271796 23.746991581215692 5.786 0.604 10.75 3.17846 61.56872 63.32465 64.61069
0.09702 10960000.0 0.6365115973835117 59.27596693577139 5.702 0.749 10.7 2.55202 61.56447 63.32775 64.59702
0.09579 10680000.0 0.6323285183014745 26.44712347467797 5.653 0.512 10.76 2.21654 61.55999 63.33155 64.58336
0.09458 10190000.0 0.6339717706999668 31.791530686804776 5.564 0.677 10.26 2.60181 61.55511 63.33467 64.57008
0.09338 9834000.0 0.6349624483728173 34.38672665688331 5.499 1.092 9.84 3.42092 61.55091 63.33775 64.55653
0.0922 9376000.0 0.6364026862599936 32.937676497310136 5.413 1.305 9.61 3.45278 61.54728 63.34167 64.54283
0.09103 8036000.0 0.6391867935297831 38.525525060523265 5.142 1.424 8.91 3.3166 61.54174 63.34411 64.53099
0.08987 6944000.0 0.6376692522554507 38.951075912679336 4.897 2.454 8.5 3.22106 61.53739 63.34725 64.5185
0.08874 6662000.0 0.6370836270551903 54.959521208765594 4.83 2.471 8.18 4.8277 61.53327 63.35052 64.50609
0.08761 5604000.0 0.6372647899406083 55.01719076142097 4.56 4.345 7.79 4.53895 61.52925 63.35343 64.49403
0.0865 4054000.0 0.6373673535248255 52.841112381303 4.093 3.994 7.03 4.08287 61.52538 63.35638 64.48217
0.08541 5076000.0 0.635192333374518 42.88199153787532 4.412 2.462 7.61 4.41023 61.52363 63.35994 64.46632
