# r vrot
0.4134366925064601   38.28124999999994
1.3436692506459949   90.625
2.170542635658915   162.5
3.100775193798448   209.375
3.9276485788113717   216.40625
4.754521963824288   230.46875
5.684754521963825   234.375
6.614987080103358   240.625
7.441860465116282   243.75
8.372093023255815   240.625
9.198966408268731   235.15625
10.025839793281651   230.46875
10.956072351421192   224.21875
11.782945736434112   216.40625
12.713178294573645   213.28125
13.540051679586561   213.28125
14.573643410852714   214.84375
15.297157622739014   213.28125
16.330749354005167   212.5
17.157622739018088   204.6875
18.087855297157624   202.34375
18.914728682170544   200.78125
19.84496124031008   205.46875
20.671834625322997   200.78125
21.602067183462534   196.875
22.42894056847545   195.3125
23.255813953488367   194.53125
24.186046511627904   192.1875
25.01291989664082   190.625
25.943152454780357   192.96875
26.77002583979328   192.96875
27.70025839793281   196.09375
28.630490956072347   196.875
29.45736434108527   192.1875
30.284237726098187   192.1875
31.214470284237724   192.96875
32.14470284237726   196.09375
33.07493540051679   196.09375
33.798449612403104   200.78125
34.832041343669246   203.125
35.65891472868216   205.46875
36.485788113695094   207.8125
37.41602067183463   204.6875
38.34625322997415   197.65625
39.17312661498708   193.75
40.10335917312662   194.53125
41.03359173126614   193.75
41.86046511627907   182.8125
42.68733850129199   175
43.617571059431526   174.21875
44.54780361757105   162.5
45.27131782945736   199.21875
46.201550387596896   212.5
47.13178294573643   217.96875
47.95865633074935   221.09375
48.888888888888886   217.1875
49.7157622739018   229.6875
50.54263565891473   233.59375
51.472868217054256   214.84375
52.40310077519379   213.28125
53.33333333333334   208.59375
54.160206718346245   198.4375
55.09043927648578   202.34375
55.91731266149871   197.65625
56.74418604651163   196.875
57.67441860465115   203.125
58.50129198966408   195.3125
59.43152454780362   188.28125
60.258397932816536   186.71875
61.18863049095607   188.28125
62.11886304909561   189.0625
62.945736434108525   192.96875
63.87596899224806   186.71875
64.70284237726098   178.90625
65.63307493540051   185.9375
66.45994832041343   182.8125
67.39018087855297   175.78125
68.21705426356588   175
69.0439276485788   174.21875
69.97416020671835   177.34375
70.90439276485787   171.875
71.73126614987079   164.0625
72.66149870801034   173.4375
73.48837209302326   180.46875
74.31524547803618   180.46875
75.34883720930233   185.15625
76.17571059431525   182.8125
77.10594315245477   172.65624999999994
77.9328165374677   178.90625
78.86304909560724   172.65624999999994
