# scale  mvir rvir rs x y z vx vy vz Ax Ay Az b_to_a c_to_a Jx Jy Jz
1.0 1147000000000.0 215.059 18.746 63.67735 61.61893 70.2152 62.38 -118.2 300.24 13.1144 5.36418 -2.6801 0.29736 0.37664 -885500000000.0 2792000000000.0 -1231000000000.0
0.98733 1120000000000.0 214.497 16.948 63.6684 61.63333 70.17867 77.94 -113.05 299.46 10.4573 4.43386 0.54175 0.52406 0.53187 -879300000000.0 2991000000000.0 -1111000000000.0
0.97483 1105000000000.0 214.673 18.17 63.65624 61.64715 70.14003 102.66 -111.17 317.05 7.77193 6.21504 -1.21205 0.81492 0.62265 -784900000000.0 3029000000000.0 -1182000000000.0
0.96248 1092000000000.0 214.958 20.346 63.64198 61.6613 70.09735 109.73 -108.86 335.15 8.50869 4.55946 -6.0279 0.57499 0.54164 -728800000000.0 2971000000000.0 -1195000000000.0
0.95029 1078000000000.0 215.175 23.306 63.62624 61.67482 70.05302 104.59 -105.7 349.55 9.21685 4.24713 -4.70503 0.46493 0.44901 -728600000000.0 2891000000000.0 -1212000000000.0
0.93825 1062000000000.0 215.118 27.335 63.6121 61.68806 70.00672 96.48 -115.16 355.31 7.95847 4.18226 -2.62369 0.61584 0.40594 -592700000000.0 2673000000000.0 -1012000000000.0
0.92637 1041000000000.0 214.764 32.362 63.59953 61.70173 69.95755 95.49 -103.77 368.35 7.86117 3.60948 -2.75213 0.67579 0.38078 -699200000000.0 2571000000000.0 -1246000000000.0
0.91463 1007000000000.0 213.478 32.894 63.58764 61.71577 69.90752 89.02 -104.45 373.02 7.77891 3.74271 -2.65119 0.67553 0.39825 -590500000000.0 2096000000000.0 -1324000000000.0
0.90305 913700000000.0 207.623 27.505 63.57486 61.72927 69.85789 88.78 -104.44 370.26 7.50228 3.42384 -2.98989 0.64416 0.50976 -299900000000.0 798300000000.0 -1734000000000.0
0.89161 890100000000.0 206.777 27.761 63.56411 61.74376 69.80704 83.43 -104.17 369.53 7.75366 3.42411 -3.46518 0.63485 0.50342 -231000000000.0 430200000000.0 -1797000000000.0
0.88031 862500000000.0 205.55 28.578 63.54987 61.75661 69.75822 83.35 -101.87 369.55 7.58019 3.36179 -3.69153 0.65306 0.5062 -163800000000.0 200100000000.0 -1753000000000.0
0.86916 834500000000.0 204.209 27.421 63.5377 61.77024 69.70878 80.39 -102.4 367.8 7.49617 3.5864 -3.79328 0.65855 0.5382 -83400000000.0 62340000000.0 -1567000000000.0
0.85815 787500000000.0 201.181 23.289 63.52681 61.78419 69.65842 77.72 -100.7 367.46 7.21909 3.44025 -3.75962 0.65643 0.59123 110300000000.0 -300700000000.0 -870600000000.0
0.84728 765400000000.0 200.133 21.485 63.51644 61.79765 69.60776 76.42 -99.52 367.3 7.4251 3.38322 -4.03443 0.65677 0.59937 186100000000.0 -402500000000.0 -593000000000.0
0.83655 751500000000.0 199.746 21.462 63.50716 61.81164 69.55638 73.06 -99.3 367.59 7.32397 3.42747 -3.97308 0.66186 0.60322 248200000000.0 -454800000000.0 -486400000000.0
0.82595 742900000000.0 199.802 19.972 63.49657 61.8251 69.50571 75.39 -99.76 367.27 7.62131 3.20207 -4.59964 0.62763 0.60552 260900000000.0 -473400000000.0 -443300000000.0
0.81549 735200000000.0 199.914 19.701 63.48582 61.83871 69.45467 72.44 -99.12 365.77 7.23543 3.29732 -5.12038 0.6266 0.6207 281700000000.0 -483300000000.0 -410600000000.0
0.80516 728200000000.0 200.062 20.028 63.47435 61.85187 69.40417 71.69 -101.17 366.94 7.26028 3.43671 -5.15489 0.63591 0.64638 278100000000.0 -484600000000.0 -377100000000.0
0.79496 722400000000.0 200.292 19.668 63.46397 61.86567 69.35291 68.62 -98.44 361.12 7.96434 3.42349 -4.97349 0.62991 0.66613 292200000000.0 -495100000000.0 -364000000000.0
0.78489 717400000000.0 200.584 20.019 63.45486 61.8798 69.30152 72.29 -100.79 357.32 7.28306 2.86239 -4.62955 0.64004 0.67139 290000000000.0 -467900000000.0 -339900000000.0
0.77495 715500000000.0 201.145 20.969 63.44686 61.89371 69.24904 66.98 -99.52 365.42 7.66645 2.92487 -4.90572 0.63425 0.66218 284600000000.0 -433000000000.0 -338000000000.0
0.76513 716500000000.0 201.969 22.409 63.43793 61.90813 69.19627 64.21 -100.32 368.91 7.89527 2.78649 -5.14554 0.62395 0.64057 322200000000.0 -396200000000.0 -346300000000.0
0.75544 716900000000.0 202.713 24.755 63.42842 61.92261 69.1441 63.66 -100.75 368.97 7.95755 2.71419 -5.15835 0.63517 0.60643 348200000000.0 -360100000000.0 -328500000000.0
0.74587 713400000000.0 203.083 25.983 63.42021 61.93754 69.09002 68.2 -97.7 369.15 8.32734 2.83869 -5.17955 0.62548 0.58878 359300000000.0 -330600000000.0 -318700000000.0
0.73643 707500000000.0 203.211 25.083 63.41122 61.95196 69.03581 68.53 -96.99 368.93 8.12007 2.42359 -5.14394 0.62741 0.57015 380800000000.0 -298500000000.0 -291100000000.0
0.7271 692400000000.0 202.411 23.323 63.40264 61.9661 68.98189 67.88 -95.1 367.69 8.28976 2.10654 -5.24032 0.64132 0.56335 429500000000.0 -169800000000.0 -170900000000.0
0.71789 685000000000.0 202.341 23.184 63.39167 61.97907 68.92908 67.69 -98.28 363.93 8.52796 2.41133 -4.67551 0.69052 0.55727 421700000000.0 -130200000000.0 -115200000000.0
0.70879 683200000000.0 202.798 23.335 63.3817 61.99326 68.87614 66.48 -93.04 362.79 8.39605 2.50435 -4.35649 0.6681 0.54428 439400000000.0 -108100000000.0 -97230000000.0
0.69982 681100000000.0 203.213 25.285 63.37395 62.00972 68.8238 59.23 -91.65 359.04 8.36034 2.04877 -5.21905 0.67708 0.55073 435600000000.0 -63430000000.0 -86730000000.0
0.69095 682000000000.0 203.918 29.738 63.36685 62.02417 68.7715 55.1 -90.96 354.26 8.98062 2.23904 -5.30448 0.63323 0.54703 428200000000.0 -22930000000.0 -70880000000.0
0.6822 687800000000.0 205.092 32.629 63.35654 62.03725 68.72064 57.7 -89.39 350.26 8.5012 1.7733 -5.72653 0.56491 0.54321 420900000000.0 -6110000000.0 -59080000000.0
0.67356 695000000000.0 206.402 37.091 63.34818 62.05102 68.66908 63.74 -86.93 346.99 8.47433 1.54706 -5.95768 0.53876 0.52262 420900000000.0 8835000000.0 -26010000000.0
0.66503 697200000000.0 207.191 39.178 63.34025 62.06403 68.61591 67.56 -85.85 346.54 9.20169 1.38094 -6.62128 0.52279 0.49694 431500000000.0 28210000000.0 -18220000000.0
0.6566 699800000000.0 208.017 39.777 63.32864 62.07655 68.56493 69.94 -86.8 345.87 9.59083 1.58185 -7.14414 0.50995 0.48216 429300000000.0 43160000000.0 -33800000000.0
0.64828 696900000000.0 208.286 39.194 63.31345 62.08815 68.51784 69.2 -87.79 343.72 9.24421 1.99083 -6.87898 0.49734 0.46438 396700000000.0 70250000000.0 -63060000000.0
0.64007 700900000000.0 209.223 38.167 63.30649 62.10657 68.46535 68.02 -93.21 342.77 13.3299 2.30536 -9.18867 0.54023 0.45929 339800000000.0 96270000000.0 -94770000000.0
0.63197 702100000000.0 209.879 34.768 63.29537 62.12315 68.41473 72.31 -96.13 345.4 15.2483 1.02943 -12.248 0.60132 0.46761 284200000000.0 81470000000.0 -98630000000.0
0.62396 701300000000.0 210.322 34.757 63.28646 62.1368 68.36137 72.04 -102.77 344.74 16.309 3.46252 -12.7827 0.56902 0.44099 226300000000.0 64980000000.0 -95160000000.0
0.61606 707300000000.0 211.423 35.555 63.26749 62.14025 68.31515 80.03 -110.44 334.77 11.1781 1.34908 -9.43904 0.39937 0.40942 314700000000.0 75050000000.0 16990000000.0
0.60825 719700000000.0 213.155 29.958 63.26683 62.16683 68.25594 79.49 -106.17 340.67 17.6964 4.80254 -14.6507 0.47188 0.38962 139100000000.0 118900000000.0 -145000000000.0
0.60055 725600000000.0 214.234 34.682 63.26447 62.17188 68.19737 65.6 -121.39 358.27 13.3154 0.13404 -10.7146 0.39818 0.38282 65130000000.0 107400000000.0 -223000000000.0
0.59294 729600000000.0 215.103 41.842 63.23138 62.18729 68.16223 83.76 -85.62 348.22 8.66091 0.86722 -6.97955 0.41124 0.37906 184700000000.0 22070000000.0 -136700000000.0
0.58543 737500000000.0 216.355 48.117 63.2361 62.19944 68.09914 47.22 -102.36 377.64 11.8225 1.14563 -8.72044 0.37661 0.37909 109000000000.0 -32410000000.0 -227800000000.0
0.57802 738100000000.0 216.868 58.717 63.23564 62.2123 68.03911 33.78 -87.62 382.13 13.3699 -0.04087 -9.27982 0.32268 0.3578 74970000000.0 -80610000000.0 -264900000000.0
0.57069 732500000000.0 216.77 63.58 63.23363 62.22548 67.98084 41.05 -88.82 373.28 13.7733 0.33449 -9.37861 0.29469 0.35418 7187000000.0 -135000000000.0 -296600000000.0
0.56346 722800000000.0 216.247 68.016 63.2297 62.2387 67.9248 53.79 -86.96 366.48 14.6366 0.41526 -9.58951 0.29919 0.33784 -15990000000.0 -182100000000.0 -289200000000.0
0.55633 708800000000.0 215.261 60.986 63.22274 62.25149 67.87056 66.86 -85.84 358.9 14.3233 0.39796 -9.70593 0.34227 0.34712 -32510000000.0 -205900000000.0 -283900000000.0
0.54928 687400000000.0 213.479 46.789 63.2135 62.26343 67.81859 83.67 -79.6 355.72 14.9369 0.44846 -9.9762 0.37608 0.36962 -17790000000.0 -332200000000.0 -238400000000.0
0.54232 672600000000.0 212.34 27.276 63.17957 62.2743 67.77897 91.68 -77.2 353.69 26.6626 0.7283 -18.0315 0.31092 0.37387 -8494000000.0 -296800000000.0 -231200000000.0
0.53545 653100000000.0 210.644 28.978 63.18699 62.2835 67.72091 127.92 -78.87 329.79 13.9303 0.01155 -9.738 0.37823 0.39011 -26370000000.0 -319500000000.0 -221000000000.0
0.52867 645400000000.0 210.18 22.253 63.16225 62.29321 67.67223 73.69 -80.63 346.7 -8.32029 -0.0636 8.85004 0.54981 0.49815 -59690000000.0 -259600000000.0 -255300000000.0
0.52197 643600000000.0 210.348 31.082 63.13297 62.3063 67.63268 120.19 -73.56 299.35 11.0201 0.18187 -7.87243 0.54298 0.50057 10020000000.0 -319000000000.0 -175900000000.0
0.51536 631800000000.0 209.409 46.396 63.10387 62.31411 67.60145 129.37 -71.81 287.17 19.4227 1.2436 -17.8744 0.28277 0.33018 126400000000.0 -311600000000.0 -52130000000.0
0.50883 612600000000.0 207.599 60.747 63.09017 62.32958 67.55495 124.0 -75.64 273.94 -9.2956 -0.21622 10.5233 0.40957 0.30407 73620000000.0 -336700000000.0 -129600000000.0
0.50239 571300000000.0 203.151 74.129 63.06478 62.33774 67.52643 113.13 -80.62 290.51 -9.61126 -4.2961 15.3591 0.65685 0.22152 123600000000.0 -223400000000.0 -89090000000.0
0.49602 512800000000.0 196.27 69.357 63.04534 62.34999 67.48872 117.99 -73.16 283.07 -10.1989 -4.30923 15.9755 0.72028 0.29686 105600000000.0 -178700000000.0 -63720000000.0
0.48974 415600000000.0 183.253 40.327 63.02873 62.36311 67.44791 113.8 -76.74 276.37 -10.7808 -3.10973 14.827 0.80543 0.65279 120900000000.0 5360000000.0 -8146000000.0
0.48354 392500000000.0 180.058 39.54 63.01863 62.38136 67.39511 104.99 -78.96 264.63 -5.49035 6.80716 2.79165 0.8538 0.74049 47770000000.0 19720000000.0 -41230000000.0
0.47741 367100000000.0 176.335 31.418 63.00518 62.39445 67.35743 105.28 -67.36 260.91 -4.7469 5.9464 2.32254 0.89142 0.79245 76780000000.0 102300000000.0 -24050000000.0
0.47137 350200000000.0 173.827 26.169 62.98223 62.40429 67.3326 113.53 -73.79 257.08 -4.69056 3.7412 14.9221 0.92372 0.78153 124300000000.0 144300000000.0 2935000000.0
0.4654 330900000000.0 170.799 25.886 62.96391 62.41649 67.29538 123.22 -83.72 261.4 -0.75238 2.93403 16.3313 0.94108 0.85449 163200000000.0 183200000000.0 2356000000.0
0.4595 317800000000.0 168.727 30.636 62.95572 62.43454 67.25198 130.58 -82.63 262.78 4.47552 2.6823 6.74834 0.74412 0.82795 146500000000.0 198900000000.0 -63390000000.0
0.45368 307100000000.0 167.032 32.9 62.9362 62.44737 67.21227 120.23 -65.65 271.62 4.3498 1.2802 6.74984 0.90251 0.78813 166700000000.0 181000000000.0 -24810000000.0
0.44793 285100000000.0 163.132 32.177 62.9195 62.46084 67.17186 109.06 -77.46 278.29 4.78338 1.74531 7.17848 0.79496 0.79923 167900000000.0 164000000000.0 4956000000.0
0.44226 272400000000.0 160.861 30.591 62.90382 62.47242 67.13148 103.88 -67.86 279.79 4.4104 2.43511 7.16662 0.74731 0.78655 164900000000.0 159100000000.0 10560000000.0
0.43666 261600000000.0 158.897 22.568 62.8909 62.47311 67.09644 97.42 -61.09 272.02 1.82569 -5.30446 14.2233 0.82544 0.72914 147400000000.0 153800000000.0 23170000000.0
0.43113 252300000000.0 157.166 26.369 62.87623 62.49034 67.05103 95.86 -52.36 274.29 0.37018 -0.05576 8.61929 0.87533 0.80102 157700000000.0 145600000000.0 31990000000.0
0.42566 244800000000.0 155.757 25.295 62.86293 62.49886 67.01277 85.18 -51.11 262.22 -0.48118 -1.14348 8.64907 0.83934 0.79562 152900000000.0 152200000000.0 31480000000.0
0.42027 233400000000.0 153.46 24.254 62.8493 62.50524 66.97467 82.27 -41.7 255.3 -1.80087 -0.17275 8.27665 0.84647 0.7958 163600000000.0 143900000000.0 9901000000.0
0.41495 225600000000.0 151.895 22.898 62.83867 62.5097 66.94092 82.27 -45.85 249.98 -2.01625 3.74786 6.74963 0.93511 0.83239 150000000000.0 134800000000.0 306900000.0
0.40969 216900000000.0 150.054 28.24 62.82605 62.51497 66.9097 101.03 -53.62 233.47 3.70744 -0.19316 7.16222 0.94974 0.79501 151800000000.0 129700000000.0 15440000000.0
0.4045 202000000000.0 146.688 32.012 62.81115 62.52243 66.87786 106.7 -63.33 235.89 1.45407 -1.71842 8.38226 0.83583 0.67211 123300000000.0 108000000000.0 20860000000.0
0.39938 192500000000.0 144.465 35.264 62.79543 62.53124 66.84467 107.46 -71.19 240.83 0.80414 1.74625 8.14274 0.78837 0.59358 103100000000.0 97620000000.0 18220000000.0
0.39432 182700000000.0 142.103 35.929 62.78049 62.54116 66.81079 105.67 -78.47 242.65 0.17243 3.83923 6.72515 0.67543 0.58706 84590000000.0 85920000000.0 11600000000.0
0.38933 169800000000.0 138.787 29.638 62.7699 62.55563 66.77907 107.5 -89.39 240.42 0.24985 5.1778 9.31422 0.76264 0.62974 52370000000.0 80130000000.0 -8366000000.0
0.3844 158000000000.0 135.615 27.38 62.7508 62.56445 66.74269 93.55 -87.27 248.66 -1.23355 3.25229 6.69048 0.7103 0.63028 25260000000.0 60580000000.0 -28580000000.0
0.37953 143500000000.0 131.438 22.11 62.7373 62.57873 66.7122 97.32 -94.2 236.76 -3.06036 3.42464 6.04137 0.70724 0.62636 9665000000.0 41520000000.0 -39590000000.0
0.37472 136500000000.0 129.366 21.546 62.72372 62.59285 66.68114 98.83 -91.59 235.94 -2.8908 4.80062 5.51558 0.74425 0.60126 -3250000000.0 33630000000.0 -45440000000.0
0.36997 131300000000.0 127.788 21.285 62.70734 62.60559 66.64716 100.43 -83.39 242.45 -2.72343 5.47235 6.70709 0.75505 0.61183 -14920000000.0 26360000000.0 -49470000000.0
0.36529 127300000000.0 126.593 22.205 62.69394 62.61687 66.61369 99.98 -80.79 247.19 -3.29924 4.84281 6.29205 0.77812 0.65613 -21010000000.0 24250000000.0 -52750000000.0
0.36066 124700000000.0 125.793 23.332 62.68153 62.62805 66.581 99.41 -81.1 249.11 -5.12532 5.24496 4.36179 0.74494 0.68288 -24140000000.0 25530000000.0 -53320000000.0
0.35609 122000000000.0 124.973 24.169 62.66856 62.6396 66.54844 99.64 -83.33 249.05 5.97382 -5.14026 -3.46783 0.70514 0.6923 -24820000000.0 26820000000.0 -52990000000.0
0.35158 118600000000.0 123.896 25.731 62.65768 62.64875 66.51371 97.83 -87.76 250.53 4.71812 -4.66503 -2.25019 0.74517 0.63479 -22800000000.0 27920000000.0 -52230000000.0
0.34713 114900000000.0 122.651 26.368 62.64124 62.66218 66.47939 100.32 -90.83 255.29 5.17983 -4.47532 -2.42198 0.7129 0.60237 -21820000000.0 25470000000.0 -50200000000.0
0.34273 109600000000.0 120.82 25.146 62.62579 62.67554 66.44411 106.18 -95.92 258.14 6.39262 -5.6608 -2.30689 0.69657 0.58479 -20380000000.0 20160000000.0 -48360000000.0
0.33839 106200000000.0 119.63 26.573 62.61278 62.6866 66.40835 105.45 -92.9 254.45 6.6622 -4.79381 -0.82791 0.63731 0.59212 -21020000000.0 16610000000.0 -46180000000.0
0.3341 101100000000.0 117.738 26.413 62.59657 62.70127 66.37656 104.25 -79.78 251.52 6.48491 -4.65732 -0.41368 0.57404 0.59914 -15740000000.0 11580000000.0 -40760000000.0
0.32987 96640000000.0 116.06 25.716 62.5787 62.71314 66.34418 112.5 -69.77 245.55 9.36703 -5.73218 -0.8624 0.39051 0.49506 -12740000000.0 6161000000.0 -40320000000.0
0.32569 93680000000.0 114.923 26.848 62.56197 62.72272 66.31305 97.68 -56.58 245.72 10.8839 -4.75346 -1.27361 0.28316 0.45234 -9184000000.0 7598000000.0 -37900000000.0
0.32157 94470000000.0 115.306 27.596 62.57758 62.72096 66.2804 91.05 -87.02 227.03 11.2205 -3.70271 0.81091 0.39069 0.44176 -8934000000.0 20090000000.0 -34480000000.0
0.31749 92930000000.0 114.736 28.513 62.56499 62.73254 66.25221 108.16 -88.22 229.85 9.80815 -1.81328 2.81488 0.38028 0.4471 -7434000000.0 18700000000.0 -33160000000.0
0.31347 91700000000.0 114.284 26.559 62.54683 62.74461 66.2241 97.35 -74.78 246.09 7.72921 -1.80054 2.06982 0.69877 0.51933 -6198000000.0 14420000000.0 -29640000000.0
0.3095 89880000000.0 113.574 29.34 62.52581 62.75422 66.19099 135.44 -63.47 273.75 11.2043 -2.60759 -0.63743 0.32722 0.37493 -4239000000.0 9689000000.0 -27830000000.0
0.30558 88550000000.0 113.061 39.476 62.5071 62.76219 66.15462 135.87 -57.39 284.84 12.6832 -0.90745 1.78464 0.24733 0.31103 -2939000000.0 5570000000.0 -25530000000.0
0.30171 87510000000.0 112.667 47.87 62.48906 62.77011 66.11787 135.33 -63.05 283.28 12.1898 0.40916 3.69262 0.27045 0.346 -3640000000.0 2362000000.0 -23880000000.0
0.29789 86040000000.0 112.079 57.944 62.4715 62.77826 66.08128 134.35 -66.36 279.22 7.23226 -0.122 -5.39644 0.62767 0.34588 -5373000000.0 -1168000000.0 -21390000000.0
0.29411 84320000000.0 111.375 70.286 62.45416 62.78666 66.04575 130.99 -67.45 271.18 -5.05672 -0.41839 7.62535 0.47788 0.30937 -6041000000.0 -4147000000.0 -19930000000.0
0.29039 81910000000.0 110.345 77.727 62.43708 62.79508 66.01208 124.33 -67.15 259.54 -2.86181 -1.47365 8.81494 0.47241 0.26696 -6036000000.0 -7020000000.0 -19990000000.0
0.28671 79160000000.0 109.137 78.001 62.42102 62.80375 65.98015 122.13 -66.53 243.73 -0.37384 -2.49728 8.76259 0.50666 0.25906 -5781000000.0 -14500000000.0 -20840000000.0
0.28308 77690000000.0 108.5 74.218 62.40628 62.81244 65.95067 113.83 -63.75 225.76 2.28667 -3.5311 8.42934 0.48078 0.29386 -3041000000.0 -20310000000.0 -21390000000.0
0.27949 77460000000.0 108.43 68.533 62.39246 62.8208 65.92348 102.8 -57.81 209.23 5.00803 -4.03269 6.76139 0.4537 0.30618 1930000000.0 -25800000000.0 -25720000000.0
0.27595 78690000000.0 109.04 62.24 62.38079 62.82809 65.89914 86.86 -47.73 192.28 7.19185 -4.74879 4.26363 0.42752 0.27107 9140000000.0 -31620000000.0 -33970000000.0
0.27246 80170000000.0 109.753 54.507 62.37123 62.83382 65.87691 69.5 -39.62 179.82 8.26451 -3.96936 1.42508 0.41189 0.2845 15580000000.0 -37360000000.0 -42300000000.0
0.26901 74640000000.0 107.203 40.37 62.36405 62.8382 65.85641 48.57 -38.36 174.04 9.24813 1.62807 0.56722 0.60454 0.33282 13710000000.0 -36950000000.0 -41560000000.0
0.2656 71750000000.0 105.835 33.486 62.35973 62.84256 65.83649 28.43 -43.44 176.68 7.6119 9.30931 0.33544 0.33759 0.44892 13080000000.0 -36530000000.0 -41120000000.0
0.26223 68460000000.0 104.223 32.125 62.35769 62.84845 65.81595 10.78 -59.9 182.19 2.05091 9.95819 -4.08551 0.45292 0.56234 13570000000.0 -36740000000.0 -37700000000.0
0.25891 67290000000.0 103.654 34.305 62.35719 62.8567 65.79336 5.98 -78.5 201.78 -4.69918 7.47535 -7.31394 0.37984 0.4088 15130000000.0 -34330000000.0 -35790000000.0
0.25563 71860000000.0 105.982 44.789 62.3566 62.86713 65.76852 7.39 -90.09 219.35 8.94309 -3.75637 8.597 0.26156 0.25036 22880000000.0 -36740000000.0 -41380000000.0
0.2524 68800000000.0 104.484 51.898 62.35595 62.87873 65.74142 10.54 -95.74 235.11 8.09554 -0.82415 0.69783 0.53373 0.20766 20450000000.0 -35040000000.0 -38310000000.0
0.2492 64270000000.0 102.165 73.275 62.35559 62.89039 65.71299 15.75 -95.58 244.75 5.54092 -3.13512 3.45096 0.76346 0.2739 15800000000.0 -31350000000.0 -32780000000.0
0.24604 52220000000.0 95.353 58.416 62.35509 62.90131 65.68363 16.28 -92.37 250.09 7.11124 1.29204 -0.42225 0.75017 0.3712 2702000000.0 -22610000000.0 -17170000000.0
0.24292 43480000000.0 89.727 52.628 62.35333 62.91212 65.65388 18.61 -93.35 255.33 6.85291 -0.47767 1.59956 0.66671 0.34418 -3930000000.0 -16460000000.0 -9287000000.0
0.23985 40550000000.0 87.69 61.234 62.35073 62.92318 65.62387 24.44 -95.06 258.41 6.05247 -0.73959 2.83398 0.65519 0.29695 -4937000000.0 -14610000000.0 -7874000000.0
0.23681 37260000000.0 85.268 57.935 62.34664 62.93404 65.59381 31.43 -96.56 261.69 6.009 -0.64028 2.75956 0.62844 0.28614 -5648000000.0 -13470000000.0 -7922000000.0
0.23381 34450000000.0 83.087 53.162 62.34333 62.94514 65.56402 38.42 -96.92 262.33 5.79172 -0.78999 2.87176 0.63167 0.28389 -5313000000.0 -12430000000.0 -8063000000.0
0.23085 32530000000.0 81.527 48.958 62.34017 62.95786 65.5325 41.55 -98.3 263.63 5.76228 -1.31602 3.6855 0.67411 0.31208 -4580000000.0 -10690000000.0 -7389000000.0
0.22792 30560000000.0 79.867 39.255 62.33436 62.96926 65.5034 47.49 -98.49 263.84 5.68909 -1.4981 3.66583 0.6172 0.3471 -3813000000.0 -8156000000.0 -6030000000.0
0.22504 28140000000.0 77.714 28.878 62.32893 62.978 65.47575 56.84 -99.68 265.49 5.54887 -1.45397 3.44919 0.60533 0.41892 -3203000000.0 -5634000000.0 -4569000000.0
0.22219 25470000000.0 75.19 20.684 62.32159 62.99184 65.44504 58.64 -102.78 263.17 5.38623 -1.90139 3.60154 0.60578 0.4569 -2113000000.0 -2407000000.0 -2970000000.0
0.21937 23440000000.0 73.147 15.768 62.31422 63.00327 65.41579 61.98 -106.16 263.68 5.56764 -1.90757 3.68058 0.60202 0.47812 -1399000000.0 -1070000000.0 -1123000000.0
0.21659 22520000000.0 72.192 13.213 62.30727 63.01188 65.38775 62.78 -107.63 264.18 5.81785 -1.33985 3.79958 0.55306 0.48637 -1151000000.0 -739400000.0 -253200000.0
0.21385 22060000000.0 71.7 11.911 62.29845 63.02468 65.35787 62.12 -105.63 259.74 5.66105 -1.52728 4.07112 0.50313 0.47244 -988600000.0 -486000000.0 131600000.0
0.21114 21600000000.0 71.217 9.91 62.29344 63.03524 65.33077 70.59 -101.09 262.09 4.82782 -1.70287 3.83729 0.59568 0.50672 -790800000.0 -422300000.0 239200000.0
0.20847 21500000000.0 71.117 11.492 62.28843 63.04757 65.30573 63.31 -105.34 246.95 5.33352 -1.57198 3.55025 0.59195 0.50971 -735000000.0 -380300000.0 165400000.0
0.20583 21520000000.0 71.146 14.415 62.28275 63.0561 65.27975 62.13 -103.2 241.76 5.01039 -1.69912 3.43206 0.6099 0.47436 -602300000.0 -285900000.0 -1695000.0
0.20322 21310000000.0 70.924 17.932 62.27834 63.06566 65.25615 58.83 -95.54 235.89 5.27203 -1.99429 3.4349 0.57955 0.43919 -586000000.0 -220000000.0 71640000.0
0.20064 21320000000.0 70.942 19.835 62.26874 63.07681 65.22971 68.22 -92.17 237.1 6.53334 -2.83789 4.71555 0.45803 0.39413 -629900000.0 -265200000.0 199400000.0
0.1981 20760000000.0 70.331 19.506 62.26116 63.08682 65.20395 73.4 -92.6 236.85 7.36706 -3.43563 5.74771 0.3921 0.3396 -544400000.0 -323600000.0 133300000.0
0.19559 20260000000.0 69.767 18.803 62.25434 63.09582 65.17959 77.41 -94.44 240.23 7.26812 -3.19239 5.81281 0.42941 0.34887 -477700000.0 -311100000.0 107800000.0
0.19312 19790000000.0 69.238 15.815 62.24628 63.10557 65.15424 86.73 -92.43 239.09 7.69226 -3.11584 6.18449 0.39582 0.34914 -478900000.0 -186400000.0 173300000.0
0.19067 19060000000.0 68.383 14.038 62.24283 63.11186 65.13259 86.27 -90.47 242.59 6.1072 -2.42399 4.51083 0.55346 0.39913 -519900000.0 -97260000.0 305800000.0
0.18825 18600000000.0 67.834 9.607 62.23073 63.12404 65.10423 91.79 -88.8 238.15 6.88816 -3.11696 5.7705 0.48712 0.41419 -470000000.0 -163200000.0 197500000.0
0.18587 17870000000.0 66.948 8.161 62.22523 63.13234 65.08377 96.4 -91.51 257.27 4.66949 -2.5229 3.89682 0.58741 0.43436 -561400000.0 -205700000.0 162600000.0
0.18351 17280000000.0 66.2 6.086 62.21482 63.1419 65.05743 85.1 -90.64 247.02 4.10343 -2.9055 3.17126 0.67494 0.51341 -461500000.0 -357000000.0 59640000.0
0.18119 16840000000.0 65.637 6.902 62.20379 63.15275 65.0284 92.38 -104.77 262.03 5.36747 -2.07107 2.38797 0.68801 0.57224 -516200000.0 -424800000.0 80660000.0
0.1789 16260000000.0 64.891 9.664 62.19236 63.16481 65.00062 97.81 -106.91 258.45 5.4535 -1.74543 3.10897 0.76213 0.52089 -549800000.0 -476100000.0 79880000.0
0.17663 15430000000.0 63.776 16.743 62.18123 63.17674 64.97221 105.19 -112.96 257.0 3.893 -2.76377 4.52051 0.78518 0.38912 -742500000.0 -673600000.0 50440000.0
0.17439 14160000000.0 61.974 20.781 62.17114 63.18793 64.94895 98.82 -110.46 250.42 5.22122 -0.29406 -1.66737 0.66174 0.34573 -568800000.0 -423000000.0 72390000.0
0.17218 12240000000.0 59.046 24.273 62.16115 63.19854 64.92414 94.39 -106.48 248.74 5.03569 -0.34492 -1.7829 0.67375 0.463 -391400000.0 -195300000.0 108500000.0
0.17 9474000000.0 54.215 10.23 62.15229 63.20931 64.89694 90.7 -103.53 246.24 4.77294 -0.06138 -2.66847 0.72905 0.6011 -183300000.0 23050000.0 82160000.0
0.16785 8979000000.0 53.259 10.111 62.14481 63.21848 64.87343 84.67 -100.35 247.09 4.5664 -0.06415 -2.82537 0.66906 0.59558 -96870000.0 51400000.0 27010000.0
0.16572 8663000000.0 52.631 10.112 62.13667 63.22802 64.85193 83.29 -98.31 245.63 4.33801 -0.10018 -2.69949 0.65713 0.57957 -64510000.0 16760000.0 -10920000.0
0.16362 8384000000.0 52.064 9.918 62.12854 63.23752 64.82845 84.06 -97.25 244.44 4.46048 0.00594 -3.00187 0.64389 0.57195 -48830000.0 -3632000.0 -20120000.0
0.16155 8255000000.0 51.799 9.809 62.12072 63.2467 64.80487 84.45 -95.96 242.57 4.25709 0.21437 -3.13345 0.65324 0.57006 -40770000.0 -11530000.0 -17590000.0
0.1595 8230000000.0 51.75 9.605 62.11072 63.25581 64.78088 85.47 -94.78 240.69 3.96203 0.52789 -3.376 0.72265 0.57652 -34870000.0 -8885000.0 -19670000.0
0.15748 8132000000.0 51.546 9.564 62.10396 63.26465 64.75912 85.63 -92.22 239.1 3.6803 0.69617 -3.23038 0.69602 0.57639 -18860000.0 -26960000.0 -32500000.0
0.15549 8206000000.0 51.706 10.316 62.0952 63.27338 64.73743 81.55 -91.44 242.1 3.71174 0.82664 -2.75181 0.68969 0.59125 -3392000.0 -28530000.0 -24040000.0
0.15352 8304000000.0 51.915 12.063 62.08703 63.28148 64.71588 82.71 -90.42 231.22 3.80158 0.7552 -3.32172 0.67598 0.57572 -1168000.0 -32710000.0 -18480000.0
0.15157 8307000000.0 51.924 13.21 62.07846 63.28926 64.69513 82.18 -90.42 227.65 4.09287 0.88281 -3.25808 0.68084 0.55628 1391000.0 -33200000.0 -12940000.0
0.14965 8224000000.0 51.753 13.021 62.06984 63.29732 64.6743 82.29 -88.53 224.5 4.50088 1.08991 -3.12176 0.64135 0.52793 1549000.0 -33420000.0 -14780000.0
0.14776 8055000000.0 51.4 11.899 62.06214 63.30508 64.65386 82.2 -86.42 220.42 4.72366 1.27028 -2.79626 0.60069 0.51565 3516000.0 -34280000.0 -17320000.0
0.14589 7848000000.0 50.957 10.438 62.05435 63.31246 64.63369 78.71 -82.61 218.74 4.91847 1.19933 -2.64299 0.60321 0.52049 2146000.0 -32700000.0 -27250000.0
0.14404 7591000000.0 50.399 9.384 62.04776 63.32072 64.61395 77.58 -78.31 214.5 5.17348 0.9026 -1.39968 0.63509 0.54661 -8019000.0 -36270000.0 -32160000.0
0.14221 7401000000.0 49.978 8.53 62.03954 63.32718 64.59502 74.94 -76.61 212.46 5.13787 1.02707 -0.91895 0.63282 0.55414 -4011000.0 -45860000.0 -42350000.0
0.14041 7198000000.0 49.518 7.718 62.03357 63.3332 64.57567 81.69 -74.04 215.62 4.59823 1.8201 -1.38201 0.67273 0.57157 -6207000.0 -24240000.0 -33030000.0
0.13863 7004000000.0 49.071 8.143 62.02741 63.33952 64.55684 71.28 -75.96 213.89 4.0914 2.29685 -2.60609 0.76688 0.59099 -1741000.0 -42100000.0 -42490000.0
0.13688 6830000000.0 48.663 8.878 62.02117 63.346 64.53749 65.7 -78.3 215.59 4.14713 2.34441 -2.41901 0.78969 0.5525 -2984000.0 -45460000.0 -50780000.0
0.13514 6631000000.0 48.189 8.982 62.01636 63.35344 64.51778 62.98 -78.33 217.58 3.74269 2.26127 -2.53933 0.77032 0.53883 -8951000.0 -38440000.0 -44850000.0
0.13343 6419000000.0 47.671 8.762 62.00933 63.3603 64.49923 67.48 -72.69 208.64 3.56356 1.82516 -1.60878 0.86444 0.57969 -4763000.0 -24300000.0 -30780000.0
0.13174 6088000000.0 46.84 10.657 62.00449 63.36794 64.47908 60.34 -84.46 219.6 3.03617 1.64165 -3.18367 0.79426 0.53591 -15660000.0 -20420000.0 -33980000.0
0.13007 5608000000.0 45.575 11.004 61.9992 63.37548 64.46015 60.06 -84.65 218.27 3.20763 2.11715 -2.88225 0.76988 0.54727 -19940000.0 159300.0 -4442000.0
0.12843 5226000000.0 44.517 10.977 61.99482 63.38273 64.44074 58.1 -84.39 217.65 4.00759 1.9165 -0.85846 0.7605 0.52753 -26000000.0 13300000.0 8923000.0
0.1268 4907000000.0 43.594 10.477 61.98933 63.38982 64.42258 59.79 -83.66 213.93 3.86452 1.90441 -0.60043 0.77137 0.52021 -27550000.0 13440000.0 6678000.0
0.12519 4519000000.0 42.414 8.923 61.9843 63.39684 64.40442 59.66 -84.65 211.97 3.83756 2.00105 -0.46996 0.76647 0.51286 -11230000.0 13240000.0 9479000.0
0.12361 4311000000.0 41.757 8.597 61.97854 63.40452 64.38729 59.44 -84.39 208.98 3.77351 1.73483 0.45544 0.77585 0.53372 -3149000.0 13290000.0 12350000.0
0.12204 4125000000.0 41.147 8.826 61.9743 63.41046 64.36902 58.55 -80.19 211.12 3.50557 1.56889 1.50454 0.74939 0.57327 -1031000.0 12910000.0 1459000.0
0.1205 3974000000.0 40.642 9.265 61.96953 63.41719 64.35148 60.72 -78.26 209.77 3.95958 1.33557 1.53266 0.72103 0.55149 -1767000.0 12420000.0 -3205000.0
0.11897 3818000000.0 40.102 9.833 61.96445 63.42598 64.33484 61.87 -77.85 205.52 3.96288 1.48132 0.66988 0.68957 0.50884 -3456000.0 14910000.0 -2608000.0
0.11746 3676000000.0 39.602 7.588 61.9603 63.43025 64.3173 59.81 -75.47 206.38 4.39408 1.80596 0.99125 0.67266 0.50703 -3085000.0 14200000.0 -2342000.0
0.11597 3524000000.0 39.048 9.037 61.95592 63.43675 64.30059 58.45 -73.9 204.07 4.62978 1.53969 1.02665 0.63354 0.49957 -3528000.0 16470000.0 -1905000.0
0.11451 3357000000.0 38.424 8.291 61.95019 63.44244 64.28431 59.2 -71.3 201.97 4.27622 1.80652 1.07309 0.61564 0.50896 -3217000.0 17500000.0 -1505000.0
0.11306 3135000000.0 37.557 6.25 61.94516 63.44815 64.26785 53.54 -69.83 198.65 3.79413 2.0583 1.18684 0.66396 0.54829 -1165000.0 22740000.0 2477000.0
0.11162 2996000000.0 36.996 5.872 61.93973 63.45352 64.25166 57.36 -70.92 195.81 3.45006 2.63426 1.62398 0.60667 0.58239 545700.0 21320000.0 -652000.0
0.11021 2863000000.0 36.439 5.996 61.93439 63.45883 64.23585 60.58 -67.71 198.02 3.58113 2.25663 1.86829 0.54878 0.56013 3384000.0 17990000.0 -2628000.0
0.10881 2742000000.0 35.921 6.239 61.92921 63.46415 64.22058 61.91 -64.79 197.71 3.51104 1.82846 2.32536 0.5583 0.54104 4011000.0 16510000.0 -4055000.0
0.10744 2644000000.0 35.489 6.75 61.92426 63.46926 64.2051 62.68 -64.97 197.9 3.04041 2.0758 2.45381 0.56035 0.52719 2429000.0 15990000.0 -4539000.0
0.10607 2525000000.0 34.95 6.594 61.92017 63.47546 64.19196 60.42 -69.68 195.2 2.52106 1.86218 2.16617 0.60003 0.55657 919400.0 13440000.0 -5755000.0
0.10473 2371000000.0 34.224 7.04 61.91431 63.47968 64.17501 54.04 -71.17 193.36 2.11446 2.28724 2.88088 0.52308 0.51586 1200000.0 10280000.0 -12260000.0
0.1034 2237000000.0 33.569 7.39 61.9096 63.48507 64.16029 61.73 -70.07 196.95 2.15836 2.10304 3.20014 0.56066 0.48558 -1965000.0 9917000.0 -10090000.0
0.1021 2120000000.0 32.97 7.822 61.90448 63.49026 64.14494 63.24 -69.92 199.18 1.73656 1.91599 3.50788 0.52192 0.43495 -2802000.0 8742000.0 -9546000.0
0.1008 2024000000.0 32.465 8.77 61.90002 63.49579 64.13073 64.42 -68.14 198.86 1.56753 1.66151 3.27564 0.54474 0.45123 -2854000.0 7978000.0 -8868000.0
0.09952 1903000000.0 31.808 8.53 61.89546 63.50104 64.11575 65.77 -65.97 198.6 1.47691 1.66854 3.45847 0.50331 0.47251 -2416000.0 7682000.0 -7999000.0
0.09826 1717000000.0 30.734 7.141 61.89148 63.50706 64.10316 65.81 -67.74 193.76 1.73971 1.32236 3.32928 0.52247 0.50335 -2881000.0 8375000.0 -6721000.0
0.09702 1526000000.0 29.551 21.698 61.88035 63.51541 64.07726 40.91 -87.17 150.23 2.07829 -1.46451 4.04685 0.17976 0.16999 -43460000.0 11510000.0 16280000.0
0.09579 1423000000.0 28.872 3.858 61.8809 63.5156 64.07054 64.28 -68.98 195.84 1.25946 2.07595 4.11825 0.47227 0.52773 -1049000.0 4159000.0 -4483000.0
0.09458 1319000000.0 28.152 3.262 61.87634 63.52087 64.05621 65.65 -69.64 200.7 1.12108 2.24412 4.12486 0.43366 0.48627 -1671000.0 3297000.0 -1630000.0
0.09338 1266000000.0 27.769 3.312 61.87194 63.52643 64.04222 65.66 -71.55 200.71 0.91831 2.02645 4.14356 0.39502 0.41706 -1642000.0 2703000.0 -1467000.0
0.0922 1209000000.0 27.344 3.849 61.86763 63.53075 64.02647 56.64 -77.03 181.76 -0.02949 1.77977 3.85372 0.40551 0.34923 -2967000.0 5789000.0 -2691000.0
0.09103 1149000000.0 26.885 4.56 61.86346 63.53577 64.01299 56.63 -80.99 172.15 -0.18241 1.43267 3.05311 0.46692 0.39745 -2948000.0 5987000.0 -3315000.0
0.08987 1117000000.0 26.631 4.929 61.85899 63.54272 64.00373 60.15 -82.09 175.28 0.71548 0.93696 2.56262 0.552 0.45954 -206700.0 3346000.0 -2342000.0
0.08874 1044000000.0 26.037 9.147 61.85471 63.54994 63.99346 62.02 -94.77 157.12 0.79849 1.80458 3.8174 0.27358 0.25462 515400.0 3523000.0 -2376000.0
0.08761 928300000.0 25.042 15.506 61.85009 63.55637 63.98219 63.05 -94.34 155.45 0.44393 2.21699 3.90445 0.14753 0.15905 2170000.0 2558000.0 -1599000.0
0.0865 790400000.0 23.735 23.299 61.84563 63.56262 63.97115 64.78 -92.36 155.71 0.27377 1.6252 2.20716 0.47274 0.10494 4239000.0 2703000.0 -1583000.0
0.08541 747400000.0 23.296 22.196 61.84103 63.56658 63.95639 63.77 -82.9 166.24 0.14022 3.13087 4.7247 0.04621 0.05918 4067000.0 2250000.0 -1206000.0
0.08433 643300000.0 22.161 6.324 61.83662 63.56447 63.93249 59.22 -58.41 190.65 -0.33524 1.20512 2.24902 0.88552 0.42744 1810000.0 670100.0 -487000.0
0.08326 551600000.0 21.053 4.606 61.83084 63.56741 63.91891 61.56 -56.43 187.9 2.77556 0.33114 -0.50083 0.80328 0.59414 901500.0 307200.0 -335000.0
0.0822 514000000.0 20.563 4.367 61.82669 63.57108 63.90596 58.83 -52.39 184.59 2.52656 0.8444 0.40886 0.77856 0.59878 813200.0 259800.0 -414700.0
0.08116 478200000.0 20.076 4.389 61.82539 63.57536 63.89218 59.08 -59.36 182.18 3.01678 0.55474 -0.23956 0.7717 0.55176 436400.0 408100.0 -481300.0
0.08013 453000000.0 19.717 3.54 61.82021 63.57843 63.87932 56.46 -53.99 183.36 2.97829 0.66949 -0.26534 0.83649 0.61108 523900.0 354200.0 -370600.0
0.07912 430000000.0 19.376 3.095 61.8157 63.5821 63.86716 56.78 -52.05 184.81 2.56044 0.81416 -0.13537 0.80223 0.6102 515800.0 320800.0 -372600.0
0.07812 336500000.0 17.856 2.129 61.81135 63.58527 63.85416 55.82 -49.44 185.79 1.48836 1.38782 1.58059 0.82839 0.65827 461200.0 -149500.0 -22130.0
0.07713 204000000.0 15.113 2.481 61.80748 63.58846 63.84216 46.79 -48.3 185.76 0.36072 1.46803 2.09582 0.43674 0.57566 521200.0 -240000.0 291900.0
0.07615 355100000.0 18.18 2.257 61.80467 63.59307 63.83136 55.73 -51.22 176.23 0.39802 1.15597 1.49988 0.9245 0.67583 473600.0 82230.0 -123200.0
0.07519 327200000.0 17.692 2.712 61.80126 63.59618 63.81914 47.76 -55.91 173.93 0.07376 1.49343 1.7388 0.94352 0.65907 372100.0 209100.0 -241900.0
0.07423 306100000.0 17.301 3.142 61.79877 63.60088 63.80897 44.26 -60.07 172.9 1.98265 0.39263 -0.87578 0.91961 0.65944 311600.0 48980.0 -187000.0
0.07329 286000000.0 16.914 4.258 61.79597 63.60565 63.79839 49.04 -61.94 172.46 0.28912 1.13232 1.76085 0.79264 0.64317 381400.0 -84660.0 -210500.0
0.07236 260900000.0 16.404 5.358 61.79277 63.60926 63.78755 47.98 -61.07 165.35 0.76315 0.87352 1.54386 0.77404 0.63478 302300.0 47440.0 -87200.0
0.07145 212100000.0 15.311 4.899 61.79031 63.6132 63.77748 45.52 -63.9 163.0 1.01593 0.5637 1.61246 0.74548 0.5981 392100.0 -69170.0 -84230.0
0.07054 166200000.0 14.114 3.365 61.78736 63.61738 63.76674 49.6 -61.72 161.81 0.97284 0.67452 1.34971 0.72828 0.61214 130400.0 18840.0 -56980.0
0.06965 142400000.0 13.406 2.852 61.7846 63.62143 63.75729 51.91 -64.69 163.96 0.54386 0.54569 1.46023 0.86519 0.6044 99120.0 20510.0 -56930.0
0.06877 130600000.0 13.027 2.561 61.78195 63.62532 63.74628 53.18 -59.94 161.79 0.61788 -0.23464 1.11679 0.90997 0.71248 1370.0 -218.8 -19140.0
0.0679 116800000.0 12.549 2.474 61.77908 63.6287 63.73638 54.06 -59.35 160.62 0.6472 -0.79232 0.84981 0.75104 0.66705 -22990.0 -13340.0 54400.0
0.06704 102800000.0 12.028 2.478 61.77634 63.63298 63.72725 44.76 -63.1 155.54 0.93197 -0.66977 1.45116 0.79631 0.64204 -84520.0 -75440.0 62270.0
0.06619 102800000.0 12.029 3.043 61.77274 63.63643 63.71636 43.3 -62.11 158.61 -0.31023 1.72567 -0.18165 0.87233 0.62337 -29480.0 -84640.0 38130.0
0.06535 93120000.0 11.638 3.898 61.77073 63.63986 63.70727 40.67 -63.69 160.33 0.09951 1.46103 0.30163 0.90342 0.51332 -49420.0 -94680.0 6719.0
0.06452 85620000.0 11.316 4.706 61.76781 63.64378 63.69773 38.96 -64.95 159.78 0.84577 1.0272 1.05312 0.72461 0.38078 -43010.0 -79510.0 -1148.0
0.0637 77860000.0 10.964 5.066 61.76569 63.64816 63.68782 38.95 -66.12 160.42 0.51433 0.9325 0.65236 0.79244 0.37737 -42590.0 -64190.0 -12770.0
0.0629 65950000.0 10.373 4.476 61.76355 63.65259 63.67875 42.0 -67.32 160.76 0.48648 0.64492 1.09252 0.85453 0.38954 -45050.0 -60080.0 -5669.0
0.0621 56260000.0 9.838 4.189 61.7608 63.65622 63.6688 44.81 -67.18 161.67 0.70539 -0.56859 0.88013 0.84122 0.43162 -59670.0 -44860.0 -7657.0
0.06131 42120000.0 8.933 3.027 61.75937 63.66033 63.6598 41.83 -67.59 164.06 0.66313 0.37319 0.92121 0.81826 0.60261 -46860.0 -44020.0 -24180.0
0.06054 34510000.0 8.359 2.781 61.75697 63.66438 63.65049 40.01 -65.81 157.68 0.98606 0.13633 0.9764 0.7977 0.60442 -31020.0 -17260.0 -11240.0
0.05977 26750000.0 7.679 1.985 61.75367 63.66741 63.64137 39.5 -66.34 154.97 0.61889 -0.54559 0.62778 0.64149 0.60653 893.2 -11270.0 -17110.0
0.05901 23260000.0 7.33 1.724 61.75169 63.67104 63.6324 40.18 -67.84 154.7 0.79396 0.34389 0.01232 0.90396 0.63841 4100.0 -8965.0 -18650.0
0.05827 19000000.0 6.851 2.198 61.75011 63.67585 63.62326 42.41 -67.15 154.15 0.59295 0.53192 -0.18469 0.52794 0.4039 3764.0 -2744.0 -17730.0
0.05753 16210000.0 6.499 1.241 61.74779 63.67955 63.61435 42.24 -66.71 152.4 0.81337 0.5806 -0.52091 0.44266 0.38206 867.6 -630.1 -14040.0
0.0568 14490000.0 6.259 1.139 61.74471 63.68292 63.6052 42.4 -64.0 152.05 -0.28243 -0.20886 0.72452 0.67683 0.40844 378.5 -1770.0 -8681.0
0.05608 13180000.0 6.065 1.421 61.74167 63.68604 63.59731 44.18 -63.47 151.06 0.51516 0.47852 0.15106 0.81831 0.43554 562.9 -723.8 -6354.0
0.05537 10750000.0 5.667 1.031 61.73948 63.69019 63.58871 44.39 -64.04 150.35 -0.33991 -0.29467 0.49257 0.79078 0.45504 71.46 -340.5 -3427.0
0.05467 9517000.0 5.441 1.162 61.73721 63.69362 63.58047 44.04 -62.82 148.88 -0.3789 -0.34701 0.61614 0.57326 0.42443 -686.4 -405.9 -1700.0
0.05397 8142000.0 5.165 1.081 61.73433 63.69685 63.57276 44.01 -60.78 147.61 0.39389 0.41049 -0.34252 0.39268 0.42686 -596.3 -230.1 -1636.0
0.05329 7296000.0 4.98 1.169 61.73249 63.70084 63.56418 43.46 -61.43 148.19 0.42724 0.52613 -0.51002 0.53518 0.40462 -479.7 -192.2 -968.3
0.05262 6908000.0 4.89 1.436 61.72998 63.70417 63.55595 43.37 -61.27 146.56 -0.26224 -0.46987 0.57167 0.67642 0.41676 -558.4 -52.86 -909.9
0.05195 5957000.0 4.654 0.967 61.72722 63.70678 63.54875 42.66 -60.31 145.51 -0.1615 -0.58077 0.60799 0.52707 0.35321 -213.7 -41.93 -686.9
0.05129 5287000.0 4.473 0.663 61.72484 63.71038 63.5401 42.91 -59.75 144.59 0.43267 0.53845 -0.17158 0.80054 0.61038 -80.4 42.24 -445.3
0.05064 4935000.0 4.371 0.549 61.72255 63.71319 63.5329 42.96 -58.59 143.52 0.51084 0.68315 -0.4051 0.77273 0.47353 -19.14 -72.56 -525.5
0.05 4617000.0 4.276 0.542 61.72079 63.71715 63.52463 42.9 -58.27 143.14 0.13899 0.09597 0.66833 0.57909 0.54278 -47.82 -136.8 -402.9
