# scale  mvir rvir rs x y z vx vy vz Ax Ay Az b_to_a c_to_a Jx Jy Jz
### CHECK units:  1.0 1147000000000.0 Msun/h 215.053 kpc/h 18.813 kpc/h 63.67773 Mpc/h 61.61941 Mpc/h 70.21552 Mpc/h
1.0 1147000000000.0 215.053 18.813 63.67773 61.61941 70.21552 63.39 -120.01 299.9 8.48945 3.42513 -1.76377 0.2963 0.37145 -930200000000.0 2830000000000.0 -1277000000000.0
0.98733 1120000000000.0 214.489 17.064 63.66897 61.63395 70.17836 78.02 -112.7 299.23 6.86269 2.80574 0.26004 0.51997 0.52305 -904500000000.0 3014000000000.0 -1120000000000.0
0.97483 1105000000000.0 214.661 18.327 63.65614 61.64774 70.14007 101.71 -111.81 317.03 5.19087 3.96291 -0.83663 0.80993 0.62078 -799400000000.0 3016000000000.0 -1218000000000.0
0.96248 1091000000000.0 214.925 20.832 63.64098 61.66143 70.09824 108.74 -108.98 336.35 5.51446 2.80709 -3.92667 0.56267 0.54361 -734900000000.0 2999000000000.0 -1217000000000.0
0.95029 1078000000000.0 215.152 23.457 63.62639 61.67523 70.05314 104.58 -104.74 350.99 6.05149 2.69066 -3.12427 0.45995 0.45277 -735700000000.0 2916000000000.0 -1237000000000.0
0.93825 1062000000000.0 215.115 26.279 63.61346 61.68931 70.00551 95.67 -108.32 359.43 5.29025 2.85658 -1.41073 0.64731 0.41039 -656000000000.0 2676000000000.0 -1179000000000.0
0.92637 1040000000000.0 214.75 31.385 63.59946 61.70195 69.95759 94.45 -105.62 367.57 5.15818 2.52355 -1.60719 0.6799 0.3838 -670800000000.0 2534000000000.0 -1214000000000.0
0.91463 1005000000000.0 213.308 32.144 63.58635 61.71544 69.90821 91.36 -104.04 370.64 5.06748 2.41098 -1.67975 0.67745 0.40261 -587400000000.0 2051000000000.0 -1328000000000.0
0.90305 914800000000.0 207.709 27.661 63.57468 61.72945 69.85786 88.24 -104.25 371.3 4.87052 2.20868 -1.81999 0.65953 0.50827 -299900000000.0 817400000000.0 -1737000000000.0
0.89161 891200000000.0 206.86 27.658 63.56202 61.74273 69.80833 84.63 -103.01 370.99 4.86774 2.37677 -1.84813 0.66568 0.51481 -249800000000.0 447600000000.0 -1815000000000.0
0.88031 860600000000.0 205.399 29.033 63.54895 61.75635 69.75849 84.62 -103.68 366.69 4.95562 2.34295 -2.11342 0.64978 0.5074 -143000000000.0 201800000000.0 -1743000000000.0
0.86916 834000000000.0 204.172 26.967 63.53666 61.77047 69.70892 81.22 -102.17 368.42 4.81578 2.38739 -2.29304 0.65617 0.53982 -82280000000.0 62070000000.0 -1564000000000.0
0.85815 788300000000.0 201.247 23.366 63.52641 61.78464 69.65854 77.62 -102.26 368.4 4.79892 2.50902 -2.35681 0.66715 0.59118 108500000000.0 -294800000000.0 -878100000000.0
0.84728 766100000000.0 200.193 21.874 63.51698 61.79868 69.60751 75.24 -100.21 368.11 4.9597 2.51362 -2.42874 0.6639 0.59946 188100000000.0 -398500000000.0 -605500000000.0
0.83655 751300000000.0 199.733 21.962 63.50663 61.81221 69.55672 74.16 -99.1 368.54 4.8132 2.38781 -2.51512 0.66041 0.60228 252100000000.0 -457600000000.0 -486900000000.0
0.82595 742200000000.0 199.738 20.544 63.49644 61.82567 69.50558 74.3 -98.67 368.13 5.00741 2.26911 -2.9299 0.6302 0.60555 262300000000.0 -474300000000.0 -442300000000.0
0.81549 734600000000.0 199.861 20.448 63.4858 61.83916 69.45457 73.1 -98.45 366.18 4.7528 2.31591 -3.30741 0.63316 0.6203 282800000000.0 -483100000000.0 -408400000000.0
0.80516 727500000000.0 199.998 20.497 63.47462 61.85229 69.40394 73.0 -98.35 365.85 4.74564 2.4443 -3.36924 0.64872 0.64579 280900000000.0 -492000000000.0 -378900000000.0
0.79496 721300000000.0 200.191 20.309 63.46474 61.86629 69.35281 70.74 -94.79 358.07 4.99722 2.3641 -3.1354 0.63523 0.66467 291400000000.0 -494300000000.0 -364400000000.0
0.78489 718400000000.0 200.679 20.024 63.45535 61.87885 69.30151 67.59 -99.05 362.21 5.05533 2.2482 -3.07105 0.63788 0.67235 291000000000.0 -471600000000.0 -338000000000.0
0.77495 713200000000.0 200.936 21.357 63.44616 61.89302 69.24919 65.44 -99.62 364.68 5.16552 2.15378 -3.25543 0.62826 0.659 281300000000.0 -436200000000.0 -343400000000.0
0.76513 714200000000.0 201.749 22.559 63.4376 61.90762 69.19641 63.65 -100.76 366.74 5.2439 2.14349 -3.27403 0.61541 0.63546 320100000000.0 -405300000000.0 -344500000000.0
0.75544 715200000000.0 202.552 25.044 63.42841 61.92198 69.14407 63.39 -100.68 367.94 5.35268 2.13427 -3.21942 0.62601 0.60249 344600000000.0 -370200000000.0 -322400000000.0
0.74587 712800000000.0 203.03 26.727 63.41953 61.93666 69.09076 68.04 -98.88 367.54 5.37006 1.99623 -3.23893 0.62633 0.57812 363500000000.0 -336600000000.0 -307000000000.0
0.73643 706300000000.0 203.095 25.305 63.4099 61.95094 69.03669 68.46 -98.27 368.87 5.49713 1.83899 -3.33979 0.62319 0.5634 383200000000.0 -295000000000.0 -278900000000.0
0.7271 690700000000.0 202.245 23.795 63.40078 61.96533 68.98307 68.93 -93.89 367.48 5.58385 1.57642 -3.54607 0.63847 0.55788 437400000000.0 -167000000000.0 -163100000000.0
0.71789 684400000000.0 202.283 23.913 63.39337 61.97958 68.92846 66.74 -97.21 366.83 5.7322 1.68186 -3.17339 0.69244 0.55176 424500000000.0 -132500000000.0 -111600000000.0
0.70879 682400000000.0 202.719 23.4 63.38295 61.99376 68.87535 68.97 -93.82 364.31 5.74827 1.70928 -2.9283 0.67824 0.54913 439200000000.0 -120100000000.0 -88700000000.0
0.69982 680600000000.0 203.165 24.908 63.37347 62.00987 68.82372 59.25 -91.27 361.61 5.61119 1.48088 -3.49374 0.68143 0.55185 439000000000.0 -66280000000.0 -77620000000.0
0.69095 681500000000.0 203.865 29.483 63.36563 62.02457 68.77148 56.73 -90.6 353.74 5.76422 1.56365 -3.53391 0.65157 0.54724 430500000000.0 -31560000000.0 -60230000000.0
0.6822 687300000000.0 205.043 32.658 63.35646 62.03773 68.72025 57.52 -87.93 349.99 5.78124 1.26814 -3.91418 0.57128 0.54019 429000000000.0 -10560000000.0 -45010000000.0
0.67356 694400000000.0 206.337 37.245 63.34669 62.05088 68.66949 63.12 -85.74 345.84 5.76218 1.10077 -4.02631 0.54813 0.5206 422900000000.0 4089000000.0 -17970000000.0
0.66503 696600000000.0 207.139 39.539 63.33714 62.0641 68.61829 67.99 -84.06 345.14 5.75079 0.97484 -4.14935 0.53792 0.50162 423400000000.0 18440000000.0 -14100000000.0
0.6566 700300000000.0 208.065 40.2 63.32572 62.07632 68.56725 70.6 -88.19 343.98 5.80829 1.06752 -4.37139 0.51889 0.48274 423400000000.0 38550000000.0 -36010000000.0
0.64828 695800000000.0 208.172 39.709 63.31417 62.08845 68.51665 68.8 -88.78 345.5 5.7318 1.29993 -4.35062 0.50333 0.46508 394200000000.0 71060000000.0 -61240000000.0
0.64007 699600000000.0 209.098 39.392 63.30185 62.1005 68.46759 67.58 -91.31 343.53 6.6886 1.02477 -4.81503 0.49444 0.43899 365800000000.0 77020000000.0 -67720000000.0
0.63197 700600000000.0 209.726 36.473 63.29462 62.11402 68.41311 74.05 -93.62 341.74 6.81933 0.82421 -5.35162 0.47364 0.44939 349900000000.0 72410000000.0 -30920000000.0
0.62396 699900000000.0 210.178 37.146 63.28426 62.12796 68.36033 74.04 -101.1 341.29 6.93384 0.74589 -5.49094 0.4414 0.43929 285700000000.0 53440000000.0 -23560000000.0
0.61606 707000000000.0 211.398 35.888 63.2678 62.13969 68.31432 77.54 -109.22 337.26 7.2831 0.98245 -6.1298 0.40028 0.41322 301500000000.0 75190000000.0 11560000000.0
0.60825 716700000000.0 212.86 34.163 63.25215 62.15764 68.26895 69.86 -113.67 350.47 7.30617 0.71378 -6.26932 0.45164 0.40745 256800000000.0 88520000000.0 -6555000000.0
0.60055 728500000000.0 214.514 35.966 63.23843 62.17492 68.22002 51.71 -100.1 369.66 7.38361 -0.66171 -6.46092 0.42669 0.37311 183400000000.0 85350000000.0 -97300000000.0
0.59294 730600000000.0 215.205 41.662 63.23159 62.18782 68.16293 80.33 -88.34 348.78 6.77024 0.47479 -5.50342 0.40974 0.37559 187500000000.0 19780000000.0 -134000000000.0
0.58543 738000000000.0 216.405 47.266 63.23545 62.19927 68.09928 52.02 -102.7 374.16 7.62649 0.76597 -5.57481 0.39234 0.38439 112500000000.0 -31160000000.0 -215900000000.0
0.57802 738400000000.0 216.899 57.218 63.23555 62.2125 68.0396 32.39 -88.43 381.91 8.67937 -0.00837 -5.87311 0.31845 0.35905 71690000000.0 -81090000000.0 -268900000000.0
0.57069 732800000000.0 216.794 62.119 63.2336 62.2259 67.98219 40.16 -89.23 374.24 9.19729 0.29415 -5.93761 0.29621 0.36198 4757000000.0 -152700000000.0 -302000000000.0
0.56346 723200000000.0 216.282 67.596 63.22955 62.23906 67.92609 56.03 -90.71 365.44 9.03931 0.24991 -5.67096 0.30528 0.34792 -30720000000.0 -186400000000.0 -320100000000.0
0.55633 709100000000.0 215.299 60.073 63.22313 62.25189 67.87166 68.19 -85.77 360.38 8.80327 0.26329 -5.75771 0.35471 0.35578 -30400000000.0 -233600000000.0 -284100000000.0
0.54928 687600000000.0 213.504 47.173 63.214 62.26352 67.81924 86.34 -80.49 358.55 9.19043 0.23936 -5.84382 0.36699 0.37621 -22720000000.0 -381000000000.0 -245100000000.0
0.54232 667400000000.0 211.785 38.106 63.20234 62.27395 67.76938 112.7 -77.31 349.14 10.0036 0.14905 -6.38014 0.36036 0.37813 -17300000000.0 -459500000000.0 -226600000000.0
0.53545 653600000000.0 210.702 29.249 63.18641 62.28346 67.72063 129.95 -79.32 331.64 9.34338 -0.0722 -6.60332 0.3864 0.396 -32240000000.0 -362300000000.0 -221900000000.0
0.52867 646600000000.0 210.32 22.568 63.16118 62.2935 67.6722 73.98 -79.0 347.31 -6.04288 -0.09106 6.52321 0.56709 0.50117 -55580000000.0 -271400000000.0 -249100000000.0
0.52197 644300000000.0 210.428 31.575 63.13197 62.30663 67.63203 120.89 -71.46 295.55 7.74623 0.13591 -5.28319 0.55338 0.50187 12780000000.0 -355400000000.0 -185900000000.0
0.51536 630900000000.0 209.306 46.122 63.10979 62.31803 67.5931 127.77 -70.01 276.83 8.21416 -0.17318 -7.12976 0.36321 0.3749 75150000000.0 -407400000000.0 -131500000000.0
0.50883 611600000000.0 207.494 60.864 63.09046 62.3297 67.5536 121.69 -74.01 274.22 -6.5072 -0.13797 7.31141 0.40029 0.31319 69130000000.0 -359600000000.0 -139300000000.0
0.50239 582800000000.0 204.504 73.244 63.07167 62.34223 67.5144 114.74 -80.34 278.7 -4.02729 -0.15014 4.91427 0.81868 0.26471 68850000000.0 -343200000000.0 -137500000000.0
0.49602 537800000000.0 199.407 84.639 63.05305 62.35473 67.47456 112.91 -77.49 277.85 5.26662 -1.05281 -2.6111 0.96227 0.29153 59780000000.0 -336200000000.0 -131800000000.0
0.48974 461900000000.0 189.826 56.074 63.03532 62.36768 67.43491 107.81 -80.22 268.55 4.67706 -3.67479 -1.25451 0.89524 0.59805 51220000000.0 -198000000000.0 -89000000000.0
0.48354 392400000000.0 180.047 39.223 63.01884 62.38146 67.39514 105.4 -75.33 261.87 -3.69097 4.64013 1.77156 0.84498 0.74327 52490000000.0 19300000000.0 -41910000000.0
0.47741 367000000000.0 176.317 31.098 63.00562 62.39507 67.3582 104.08 -66.39 259.01 -3.653 4.44048 1.37272 0.87271 0.79166 75500000000.0 110000000000.0 -22630000000.0
0.47137 349400000000.0 173.687 28.873 62.99055 62.40872 67.32575 105.18 -62.61 269.13 1.51325 3.06564 5.22754 0.95295 0.83694 119300000000.0 147100000000.0 -7788000000.0
0.4654 327900000000.0 170.279 29.865 62.97392 62.42179 67.28968 125.82 -88.35 261.24 3.06477 1.83556 5.0672 0.94108 0.81902 129500000000.0 192800000000.0 -66780000000.0
0.4595 317900000000.0 168.749 30.778 62.95584 62.43466 67.25232 125.24 -79.99 253.44 3.10343 1.67983 4.64505 0.75892 0.82533 123600000000.0 204100000000.0 -48480000000.0
0.45368 306900000000.0 166.984 33.195 62.93605 62.4477 67.21216 123.96 -71.15 280.97 3.46107 0.37283 4.69959 0.9152 0.78532 192000000000.0 181400000000.0 -35040000000.0
0.44793 285400000000.0 163.187 32.377 62.91976 62.46095 67.17207 109.47 -77.91 277.83 3.40794 1.05777 4.90181 0.8087 0.80144 167200000000.0 165000000000.0 3590000000.0
0.44226 272400000000.0 160.869 30.897 62.90384 62.47241 67.13126 104.59 -68.1 277.29 3.25618 1.68316 5.00468 0.74546 0.78111 161100000000.0 158600000000.0 9498000000.0
0.43666 260800000000.0 158.741 26.366 62.88956 62.4818 67.09089 105.82 -64.92 281.99 1.36788 1.95106 5.5375 0.8354 0.77315 160200000000.0 145100000000.0 14030000000.0
0.43113 251800000000.0 157.067 26.438 62.87584 62.49055 67.05123 92.89 -55.56 272.85 0.31729 -0.18303 5.92236 0.87577 0.80499 154200000000.0 146400000000.0 32170000000.0
0.42566 244300000000.0 155.658 24.912 62.86348 62.49881 67.01332 84.5 -50.45 262.88 -0.53278 -0.81317 5.92876 0.83757 0.79712 152100000000.0 152700000000.0 32540000000.0
0.42027 233000000000.0 153.377 24.103 62.85017 62.50504 66.97546 82.58 -40.95 255.22 -1.51902 -0.15005 5.55739 0.84927 0.79515 161400000000.0 144800000000.0 12160000000.0
0.41495 225500000000.0 151.855 22.501 62.83868 62.50877 66.94007 82.79 -44.68 249.48 -1.55639 2.82864 4.63348 0.91969 0.82907 154300000000.0 135300000000.0 626000000.0
0.40969 216600000000.0 149.99 28.758 62.82605 62.51384 66.90907 101.04 -54.26 234.2 2.58514 -1.4689 4.7399 0.94751 0.79108 155600000000.0 128800000000.0 16440000000.0
0.4045 202100000000.0 146.689 32.623 62.81071 62.52144 66.87683 104.93 -63.35 236.24 0.94792 -1.38719 5.43058 0.84209 0.66775 128200000000.0 105100000000.0 19710000000.0
0.39938 192500000000.0 144.46 35.983 62.79545 62.53043 66.84383 105.87 -72.05 240.23 0.82548 1.49742 5.42744 0.76019 0.58813 106800000000.0 95570000000.0 17420000000.0
0.39432 182800000000.0 142.123 36.525 62.78044 62.54117 66.81059 104.76 -79.6 243.1 0.20369 2.54581 4.72943 0.65452 0.58289 85790000000.0 85950000000.0 11310000000.0
0.38933 168400000000.0 138.429 31.503 62.76537 62.55296 66.77743 105.5 -85.97 243.2 -0.43423 2.41096 4.74848 0.66193 0.5985 48240000000.0 69900000000.0 -8275000000.0
0.3844 157600000000.0 135.496 26.919 62.75059 62.56542 66.74422 95.08 -87.34 248.35 -0.8477 2.29423 4.61586 0.69919 0.62644 22740000000.0 60540000000.0 -29010000000.0
0.37953 143400000000.0 131.399 22.251 62.73644 62.57904 66.71219 97.47 -92.72 237.34 -2.03934 2.43814 4.16734 0.69246 0.61556 7878000000.0 40520000000.0 -40100000000.0
0.37472 136500000000.0 129.382 21.756 62.72368 62.59286 66.68087 98.66 -91.5 235.94 -1.9962 3.25579 3.79023 0.72644 0.59324 -3897000000.0 33830000000.0 -46090000000.0
0.36997 131400000000.0 127.843 22.156 62.70992 62.60595 66.64929 101.91 -85.16 240.6 -1.63678 3.45238 3.98065 0.72335 0.6027 -14930000000.0 29490000000.0 -49860000000.0
0.36529 127400000000.0 126.617 23.178 62.69656 62.61702 66.61602 102.36 -83.73 244.98 -2.16343 3.16165 3.58741 0.74806 0.65222 -20940000000.0 27250000000.0 -52760000000.0
0.36066 124900000000.0 125.862 24.273 62.68437 62.62687 66.58154 98.29 -82.55 247.86 -3.21291 3.23276 2.5564 0.72325 0.68611 -23190000000.0 27360000000.0 -53510000000.0
0.35609 122300000000.0 125.083 25.722 62.6711 62.6378 66.54795 100.13 -85.62 248.37 3.38147 -3.08257 -1.91318 0.73194 0.70117 -23630000000.0 28450000000.0 -53290000000.0
0.35158 118900000000.0 123.987 26.028 62.65771 62.64915 66.51316 100.71 -89.35 250.3 3.22594 -3.27292 -1.71214 0.74517 0.62536 -23170000000.0 28530000000.0 -52700000000.0
0.34713 114800000000.0 122.617 26.262 62.64006 62.66333 66.47993 100.46 -89.64 255.23 3.74241 -3.44486 -1.87822 0.69189 0.59268 -21920000000.0 25360000000.0 -50300000000.0
0.34273 110400000000.0 121.096 25.91 62.62752 62.67306 66.44321 103.16 -97.18 257.45 4.02082 -3.47799 -1.3831 0.7 0.58199 -21150000000.0 20950000000.0 -48690000000.0
0.33839 106300000000.0 119.684 26.92 62.6131 62.68416 66.40791 101.23 -90.82 255.52 4.20923 -3.45629 -0.68499 0.67017 0.56835 -20960000000.0 17580000000.0 -45940000000.0
0.3341 100900000000.0 117.664 26.775 62.59605 62.70107 66.37606 103.01 -78.88 252.35 4.70054 -3.47166 -0.36479 0.55413 0.58203 -15550000000.0 11810000000.0 -40730000000.0
0.32987 96000000000.0 115.803 27.106 62.57703 62.71392 66.34447 115.32 -69.35 245.69 5.89448 -3.61741 -0.62719 0.35834 0.46609 -12920000000.0 5389000000.0 -41150000000.0
0.32569 93490000000.0 114.847 27.314 62.56188 62.72282 66.31291 97.49 -56.63 245.79 6.70823 -3.00967 -0.81186 0.26934 0.43708 -9382000000.0 7579000000.0 -37860000000.0
0.32157 94170000000.0 115.184 28.335 62.57783 62.72076 66.27982 92.51 -88.84 226.78 7.40305 -2.4381 0.39673 0.38053 0.43226 -9328000000.0 20120000000.0 -34960000000.0
0.31749 92720000000.0 114.648 29.316 62.56535 62.73216 66.25146 107.42 -89.84 229.12 6.75204 -1.26932 1.70355 0.3745 0.42367 -7799000000.0 19020000000.0 -33770000000.0
0.31347 91630000000.0 114.251 26.356 62.54575 62.74492 66.22417 97.97 -74.16 246.11 5.78755 -1.39516 1.11512 0.69574 0.51117 -6386000000.0 13990000000.0 -29460000000.0
0.3095 89290000000.0 113.323 30.443 62.52425 62.75414 66.19058 136.89 -60.86 274.58 7.69238 -1.60698 -0.39437 0.30072 0.35896 -3877000000.0 8641000000.0 -27220000000.0
0.30558 88090000000.0 112.865 40.227 62.50564 62.76185 66.15448 136.14 -57.04 284.64 7.99832 -0.47254 1.06357 0.24624 0.31271 -2940000000.0 5686000000.0 -25180000000.0
0.30171 87100000000.0 112.491 48.772 62.48779 62.76978 66.11759 135.85 -62.91 283.84 7.65698 0.32691 2.14449 0.27405 0.34272 -3717000000.0 2211000000.0 -23290000000.0
0.29789 85670000000.0 111.918 59.483 62.47012 62.77802 66.08107 134.22 -65.42 278.93 4.33081 -0.07569 -3.88337 0.52337 0.33519 -5110000000.0 -1061000000.0 -21300000000.0
0.29411 83990000000.0 111.23 71.392 62.45321 62.78632 66.04575 129.98 -66.53 271.52 -3.15429 -0.26364 4.86269 0.49956 0.30075 -5759000000.0 -3624000000.0 -19970000000.0
0.29039 81670000000.0 110.239 77.592 62.43711 62.79466 66.01189 123.36 -66.41 259.94 -1.92423 -0.90538 5.66037 0.50965 0.26476 -5753000000.0 -6613000000.0 -20070000000.0
0.28671 79630000000.0 109.354 78.129 62.42197 62.80335 65.98005 121.35 -66.62 244.17 -0.46911 -1.59433 5.87844 0.55344 0.25946 -5856000000.0 -13630000000.0 -20670000000.0
0.28308 78200000000.0 108.734 73.706 62.40725 62.81193 65.95048 113.57 -64.14 226.21 1.25876 -2.20678 5.59965 0.50639 0.29512 -3041000000.0 -19660000000.0 -21390000000.0
0.27949 77770000000.0 108.577 67.907 62.39294 62.82022 65.92339 102.7 -57.72 209.48 3.18057 -2.4518 4.4611 0.48621 0.31767 2488000000.0 -25400000000.0 -25780000000.0
0.27595 78610000000.0 109.004 62.341 62.38065 62.82761 65.89905 87.64 -47.81 192.45 4.9971 -3.00027 2.92049 0.45101 0.28022 9635000000.0 -31800000000.0 -33930000000.0
0.27246 77620000000.0 108.58 53.457 62.371 62.83335 65.8768 69.82 -40.17 179.33 5.60327 -2.49461 0.96522 0.41574 0.29857 13460000000.0 -36390000000.0 -39810000000.0
0.26901 79480000000.0 109.472 41.986 62.3648 62.83832 65.85639 48.93 -38.9 173.23 5.91365 3.4585 1.69754 0.41807 0.32741 18690000000.0 -38590000000.0 -46080000000.0
0.2656 71840000000.0 105.879 33.679 62.36073 62.84273 65.8369 28.65 -42.89 175.07 5.16749 6.34795 0.09966 0.37289 0.46139 13090000000.0 -36400000000.0 -41020000000.0
0.26223 75760000000.0 107.805 33.895 62.3575 62.84852 65.8165 11.42 -59.85 182.67 1.43457 7.36281 -3.19127 0.41261 0.53341 22230000000.0 -41720000000.0 -46600000000.0
0.25891 73880000000.0 106.937 36.181 62.35566 62.85686 65.79395 7.32 -77.98 201.95 3.18135 -5.40595 5.53715 0.37819 0.39717 23170000000.0 -39740000000.0 -42860000000.0
0.25563 71930000000.0 106.015 45.737 62.3551 62.86706 65.76881 7.74 -89.61 219.69 6.05642 -2.55449 5.98075 0.28283 0.25224 22930000000.0 -37600000000.0 -40640000000.0
0.2524 68850000000.0 104.505 53.045 62.35544 62.87871 65.74168 10.13 -96.14 235.21 5.60003 -0.47984 0.33832 0.48565 0.20539 20790000000.0 -35610000000.0 -38240000000.0
0.2492 64170000000.0 102.108 76.14 62.35603 62.89066 65.71315 15.43 -95.43 243.65 4.44056 -1.86027 2.07452 0.76426 0.28551 15680000000.0 -31090000000.0 -32480000000.0
0.24604 51030000000.0 94.626 57.545 62.35567 62.90179 65.68378 17.51 -91.78 249.25 4.60093 0.83015 -0.26536 0.69108 0.36093 1642000000.0 -21390000000.0 -15380000000.0
0.24292 43280000000.0 89.589 54.967 62.35423 62.91254 65.65403 19.06 -93.02 254.44 4.54189 -0.31658 0.92417 0.61392 0.32757 -3870000000.0 -16320000000.0 -8924000000.0
0.23985 40500000000.0 87.65 64.045 62.35123 62.9235 65.62379 24.82 -94.8 258.78 4.30282 -0.44393 1.54762 0.59554 0.28257 -4909000000.0 -14710000000.0 -7707000000.0
0.23681 37070000000.0 85.12 58.72 62.34726 62.93465 65.59335 32.63 -96.45 261.41 4.1043 -0.43575 1.58049 0.54687 0.26657 -5528000000.0 -13400000000.0 -7767000000.0
0.23381 34250000000.0 82.924 55.365 62.34399 62.94533 65.56367 38.97 -97.42 263.59 4.07192 -0.50567 1.61946 0.58083 0.27419 -5325000000.0 -12490000000.0 -8025000000.0
0.23085 32520000000.0 81.52 51.2 62.33992 62.95614 65.53442 41.72 -98.63 264.63 3.9806 -0.59932 1.71703 0.58969 0.30321 -4788000000.0 -10930000000.0 -7636000000.0
0.22792 30220000000.0 79.57 39.616 62.33507 62.96739 65.50468 48.39 -100.11 265.95 3.82243 -0.64476 1.79884 0.56279 0.34967 -3975000000.0 -8110000000.0 -6087000000.0
0.22504 27800000000.0 77.398 29.189 62.32993 62.97887 65.4754 55.27 -101.69 264.5 4.1032 -0.82949 2.12421 0.55305 0.39776 -3033000000.0 -5174000000.0 -4471000000.0
0.22219 24720000000.0 74.445 20.501 62.32374 62.99003 65.44604 61.91 -102.46 263.25 3.92594 -1.05996 2.14402 0.54823 0.41421 -1836000000.0 -1926000000.0 -2440000000.0
0.21937 23060000000.0 72.755 16.099 62.31574 63.00058 65.41682 61.76 -104.97 263.13 3.93962 -1.14471 2.30596 0.55482 0.44827 -1272000000.0 -978100000.0 -870100000.0
0.21659 22610000000.0 72.282 14.323 62.30657 63.01207 65.3879 63.86 -107.53 265.97 4.14236 -1.04194 2.41779 0.52504 0.45281 -1160000000.0 -756100000.0 -254300000.0
0.21385 22070000000.0 71.714 12.934 62.29827 63.02424 65.35896 61.99 -105.44 260.39 4.20942 -1.14438 2.65399 0.4823 0.44906 -955600000.0 -528700000.0 98110000.0
0.21114 21500000000.0 71.103 11.242 62.29223 63.03594 65.33047 65.08 -102.02 258.92 3.71055 -1.48708 2.76927 0.53969 0.47187 -802600000.0 -388000000.0 211700000.0
0.20847 21500000000.0 71.12 12.693 62.28726 63.04641 65.30463 60.42 -102.68 245.03 3.79601 -1.3058 2.43858 0.54013 0.4536 -709200000.0 -351600000.0 146200000.0
0.20583 21570000000.0 71.208 15.656 62.28295 63.0556 65.28049 62.17 -104.66 241.79 3.37293 -1.32449 2.2422 0.58433 0.446 -565500000.0 -314600000.0 -50140000.0
0.20322 21270000000.0 70.885 19.537 62.27904 63.06521 65.25649 57.03 -95.12 235.53 3.99475 -1.46788 2.35077 0.52058 0.40588 -560300000.0 -207000000.0 59020000.0
0.20064 20420000000.0 69.93 21.976 62.27383 63.07451 65.23235 62.63 -90.22 235.31 3.90552 -1.58128 2.53842 0.44077 0.35037 -543500000.0 -180800000.0 226900000.0
0.1981 19760000000.0 69.179 23.27 62.26745 63.08362 65.20776 67.74 -90.36 237.51 3.93373 -1.60887 2.52662 0.45939 0.32139 -470100000.0 -116000000.0 391300000.0
0.19559 19750000000.0 69.179 22.427 62.25993 63.09333 65.18285 74.05 -91.76 242.2 4.1755 -1.5518 2.5835 0.51876 0.33517 -502300000.0 -236300000.0 248200000.0
0.19312 19510000000.0 68.905 19.141 62.25146 63.1032 65.15765 82.72 -87.71 241.46 4.24966 -1.33532 2.55302 0.55505 0.35166 -590300000.0 -83400000.0 396000000.0
0.19067 18980000000.0 68.28 14.891 62.24257 63.11298 65.13272 84.07 -90.88 241.82 4.47037 -1.334 2.76841 0.54758 0.38388 -464200000.0 -77420000.0 255400000.0
0.18825 18550000000.0 67.778 11.591 62.23353 63.1226 65.10825 90.35 -87.96 243.44 4.13753 -1.6581 2.81174 0.5775 0.41752 -535400000.0 -69690000.0 213500000.0
0.18587 17840000000.0 66.899 8.737 62.22515 63.13235 65.08383 96.57 -91.05 255.74 3.67173 -1.80752 2.88242 0.58946 0.42617 -542600000.0 -143800000.0 195300000.0
0.18351 17240000000.0 66.154 6.692 62.21556 63.14223 65.05736 83.85 -89.15 247.32 3.59339 -1.99359 2.16075 0.67071 0.49191 -460400000.0 -370600000.0 44820000.0
0.18119 16810000000.0 65.6 7.761 62.2043 63.15288 65.02848 91.48 -104.08 262.66 4.36957 -1.43131 1.41402 0.65037 0.54136 -492200000.0 -457000000.0 33930000.0
0.1789 16260000000.0 64.882 10.907 62.19232 63.16501 65.00047 101.7 -111.07 261.6 4.24436 -1.04106 1.60918 0.77231 0.50048 -569400000.0 -489900000.0 86530000.0
0.17663 15420000000.0 63.76 17.427 62.18054 63.1768 64.97456 105.13 -112.4 255.75 3.84295 -1.35883 1.36211 0.82248 0.38407 -575400000.0 -486500000.0 71520000.0
0.17439 14010000000.0 61.757 22.206 62.17021 63.18797 64.94951 99.11 -110.62 249.8 3.72929 -0.18641 -1.2956 0.55545 0.35101 -543300000.0 -356800000.0 135100000.0
0.17218 12090000000.0 58.801 16.63 62.16113 63.19872 64.92459 96.28 -105.83 248.5 3.4894 -0.23437 -1.24227 0.60636 0.49888 -358200000.0 -208600000.0 64490000.0
0.17 9783000000.0 54.799 11.777 62.15277 63.20879 64.90004 89.9 -102.36 247.33 3.29306 -0.12839 -1.7323 0.6154 0.55216 -197500000.0 20440000.0 115300000.0
0.16785 8999000000.0 53.299 10.944 62.14453 63.21831 64.87587 85.01 -98.65 248.79 3.10493 -0.09661 -2.02012 0.58796 0.54965 -89750000.0 42270000.0 35770000.0
0.16572 8606000000.0 52.515 11.151 62.13617 63.22787 64.85201 85.25 -97.59 246.93 3.22228 -0.12315 -2.16338 0.55296 0.51801 -62340000.0 19330000.0 -12480000.0
0.16362 8334000000.0 51.961 10.989 62.12833 63.2374 64.828 85.42 -97.97 244.27 3.08571 -0.0601 -2.12076 0.56107 0.50471 -50620000.0 1065000.0 -26080000.0
0.16155 8227000000.0 51.739 11.006 62.12045 63.24678 64.80466 85.39 -97.5 243.77 3.10976 0.08952 -2.32771 0.56569 0.51432 -41110000.0 -12650000.0 -22950000.0
0.1595 8140000000.0 51.56 10.797 62.11241 63.25588 64.78172 87.72 -95.55 240.96 2.69418 0.27549 -2.30294 0.59214 0.52208 -32570000.0 -20810000.0 -30860000.0
0.15748 8109000000.0 51.499 10.602 62.10364 63.26477 64.75932 86.86 -92.57 238.82 2.69642 0.4574 -2.4064 0.6243 0.52715 -19040000.0 -25010000.0 -32840000.0
0.15549 8186000000.0 51.665 11.074 62.09479 63.27351 64.73775 81.95 -90.11 238.64 2.85111 0.5971 -2.35075 0.61613 0.55564 -3900000.0 -26260000.0 -25640000.0
0.15352 8331000000.0 51.97 13.326 62.08653 63.28163 64.71679 81.14 -88.66 229.18 2.53053 0.56669 -2.43769 0.6089 0.55118 560900.0 -35700000.0 -18040000.0
0.15157 8351000000.0 52.017 15.001 62.07823 63.28935 64.69638 81.34 -89.26 226.79 2.68116 0.60476 -2.37763 0.62323 0.53142 7161000.0 -37270000.0 -11950000.0
0.14965 8242000000.0 51.791 14.331 62.07048 63.29719 64.67557 82.3 -86.71 224.63 3.0182 0.72297 -2.19959 0.60804 0.50576 3467000.0 -34760000.0 -16180000.0
0.14776 8088000000.0 51.47 12.768 62.06276 63.30503 64.65453 81.71 -86.88 221.51 3.30454 0.83085 -1.91932 0.54485 0.48891 6876000.0 -32830000.0 -16310000.0
0.14589 7873000000.0 51.012 11.679 62.05529 63.31303 64.63385 82.04 -84.38 218.53 3.3102 0.87539 -1.92832 0.55468 0.49724 3819000.0 -30380000.0 -25010000.0
0.14404 7631000000.0 50.487 9.103 62.0474 63.32045 64.61422 77.77 -77.83 215.77 3.58323 0.65578 -1.1628 0.61699 0.52043 -7149000.0 -36540000.0 -37080000.0
0.14221 7431000000.0 50.045 9.656 62.03944 63.3273 64.59487 73.88 -75.64 213.83 3.86372 0.71251 -0.82268 0.6156 0.52737 -3975000.0 -45310000.0 -46220000.0
0.14041 7240000000.0 49.613 8.939 62.03244 63.33355 64.57613 77.37 -73.65 212.68 3.36685 1.18848 -1.0402 0.63977 0.52478 -7523000.0 -39300000.0 -47810000.0
0.13863 7046000000.0 49.168 9.534 62.02624 63.3398 64.55753 69.17 -76.02 214.19 2.85857 1.55309 -1.86651 0.74642 0.54214 -4962000.0 -50370000.0 -47770000.0
0.13688 6862000000.0 48.739 10.3 62.02028 63.3465 64.53905 67.79 -77.45 217.76 2.66612 1.51407 -1.87415 0.77391 0.51455 -9048000.0 -51140000.0 -43010000.0
0.13514 6657000000.0 48.25 10.563 62.01408 63.35356 64.5203 67.71 -79.53 216.52 2.45778 1.46941 -1.92725 0.77179 0.50967 -1664000.0 -44870000.0 -35900000.0
0.13343 6434000000.0 47.708 9.812 62.00887 63.36066 64.49968 68.75 -72.84 209.98 2.62336 1.28234 -0.89747 0.85045 0.53795 -8047000.0 -26740000.0 -29180000.0
0.13174 6106000000.0 46.886 11.72 62.00457 63.36828 64.47932 61.7 -83.56 220.59 2.42305 1.18711 -2.26758 0.78427 0.49746 -11480000.0 -25250000.0 -30310000.0
0.13007 5575000000.0 45.486 12.013 61.99988 63.37578 64.46012 60.65 -85.27 219.2 2.56307 1.36058 -1.94241 0.76149 0.50593 -18890000.0 -2212000.0 -2739000.0
0.12843 5243000000.0 44.565 12.083 61.99448 63.38297 64.44132 60.19 -84.69 220.26 3.00628 1.17695 -0.52618 0.76407 0.50911 -19980000.0 8783000.0 8934000.0
0.1268 4924000000.0 43.645 11.577 61.98903 63.39009 64.42286 62.73 -83.71 215.25 2.91939 1.14979 -0.39077 0.75704 0.49014 -23740000.0 8693000.0 5370000.0
0.12519 4532000000.0 42.458 9.922 61.98333 63.39733 64.40455 61.89 -84.85 214.14 2.80901 1.18835 -0.36207 0.73812 0.47266 -7787000.0 13890000.0 13190000.0
0.12361 4338000000.0 41.843 9.492 61.97824 63.40464 64.38673 59.61 -85.86 208.63 3.0416 1.24942 0.19648 0.73898 0.49667 -6094000.0 16650000.0 14270000.0
0.12204 4146000000.0 41.217 9.634 61.97372 63.41174 64.36933 55.94 -82.12 209.79 2.69535 0.97373 0.9245 0.74307 0.52105 -572000.0 13780000.0 9352000.0
0.1205 3983000000.0 40.673 10.518 61.96918 63.41914 64.35181 59.72 -79.31 208.78 3.15025 0.91825 0.87719 0.68196 0.49368 -794100.0 13860000.0 1105000.0
0.11897 3844000000.0 40.193 11.315 61.96443 63.42585 64.33465 61.75 -78.63 205.87 3.26732 1.19792 0.26429 0.63368 0.4569 -3085000.0 15530000.0 -2842000.0
0.11746 3702000000.0 39.693 11.135 61.95976 63.43226 64.31792 62.04 -75.68 202.33 3.02797 1.18595 0.54351 0.68743 0.45296 -7336000.0 17520000.0 -3196000.0
0.11597 3553000000.0 39.155 11.069 61.95489 63.43831 64.30152 60.15 -72.86 202.65 3.06715 1.25836 0.64549 0.63777 0.44978 -5098000.0 16820000.0 -719800.0
0.11451 3351000000.0 38.4 9.497 61.95043 63.44461 64.28525 59.15 -70.57 199.77 2.94312 1.15145 0.49706 0.59913 0.4534 -5941000.0 19260000.0 938200.0
0.11306 3117000000.0 37.484 7.183 61.94588 63.45052 64.26925 55.38 -70.45 198.05 2.7689 1.16965 0.58465 0.63091 0.47482 -4319000.0 20800000.0 5976000.0
0.11162 2971000000.0 36.89 6.252 61.94115 63.45564 64.25323 47.68 -74.16 195.45 2.80498 1.58222 1.11357 0.61341 0.53719 -714100.0 18150000.0 6613000.0
0.11021 2841000000.0 36.344 6.499 61.93619 63.46121 64.23782 61.17 -66.15 195.33 3.17736 1.69126 1.46437 0.50908 0.51505 388.4 19030000.0 -706500.0
0.10881 2736000000.0 35.892 6.986 61.93078 63.46623 64.22234 61.05 -63.98 196.19 2.8488 1.24644 1.49762 0.49365 0.48727 952300.0 16660000.0 -2254000.0
0.10744 2644000000.0 35.489 7.197 61.92547 63.47091 64.2066 62.02 -65.44 198.56 2.52207 1.19804 1.47934 0.4883 0.47395 1399000.0 15850000.0 -3664000.0
0.10607 2552000000.0 35.07 7.447 61.9201 63.47533 64.19094 59.24 -67.89 197.73 2.07298 1.5534 1.71108 0.48796 0.49056 522900.0 13890000.0 -6388000.0
0.10473 2396000000.0 34.343 7.601 61.91469 63.48033 64.1757 55.02 -68.18 195.62 1.82944 1.63625 2.15995 0.49924 0.46195 -269900.0 9707000.0 -10290000.0
0.1034 2258000000.0 33.672 8.467 61.90928 63.48549 64.16082 61.66 -68.52 197.98 1.74405 1.43513 2.29414 0.52111 0.40927 -2089000.0 10070000.0 -10190000.0
0.1021 2136000000.0 33.051 9.022 61.90483 63.49098 64.14645 63.82 -69.67 197.94 1.43085 1.34336 2.40179 0.49839 0.38803 -1755000.0 8871000.0 -9576000.0
0.1008 2033000000.0 32.516 10.159 61.9006 63.49693 64.13231 68.77 -68.45 196.69 1.27113 1.17499 2.22027 0.52788 0.39568 -1779000.0 10950000.0 -8536000.0
0.09952 1920000000.0 31.9 9.476 61.89542 63.50119 64.1162 66.17 -69.03 197.24 1.64157 1.79478 3.09526 0.44468 0.41209 -1993000.0 8426000.0 -8167000.0
0.09826 1733000000.0 30.832 7.86 61.89132 63.50692 64.10289 65.94 -68.38 192.13 1.76746 1.65291 3.05707 0.43762 0.43126 -2663000.0 8498000.0 -7266000.0
0.09702 1563000000.0 29.786 6.954 61.88594 63.51339 64.0901 66.09 -67.22 192.93 1.33037 1.2895 2.61951 0.48372 0.46838 -2190000.0 8304000.0 -7034000.0
0.09579 1430000000.0 28.921 3.625 61.88129 63.51615 64.07153 69.71 -67.89 198.22 1.65549 2.0548 4.33922 0.37218 0.46423 -1184000.0 3612000.0 -3555000.0
0.09458 1342000000.0 28.311 3.911 61.8771 63.52315 64.06082 66.98 -65.87 196.79 1.34989 1.36612 2.79744 0.50763 0.51762 -758000.0 5024000.0 -2115000.0
0.09338 1272000000.0 27.816 3.867 61.87296 63.52741 64.04576 69.86 -69.06 203.92 1.13854 1.4481 2.83996 0.46068 0.41923 94230.0 2876000.0 -1656000.0
0.0922 1225000000.0 27.467 3.741 61.86734 63.53296 64.03033 66.43 -73.49 201.23 0.81292 1.52457 3.32735 0.43098 0.40305 974400.0 3355000.0 -2072000.0
0.09103 1180000000.0 27.122 4.303 61.86231 63.53863 64.01775 66.9 -73.4 196.92 0.37896 1.64196 2.96439 0.42902 0.38367 2187000.0 4265000.0 -2184000.0
0.08987 1105000000.0 26.538 5.043 61.85695 63.54237 64.00176 63.39 -77.02 188.43 0.57444 0.98534 2.10974 0.59881 0.3982 -209500.0 3245000.0 -1057000.0
0.08874 1010000000.0 25.76 5.828 61.8536 63.54734 63.98731 61.26 -69.25 194.52 0.51841 1.25194 2.68693 0.50548 0.32317 2055000.0 2307000.0 -2237000.0
0.08761 905900000.0 24.838 6.865 61.84889 63.55146 63.973 59.9 -66.22 194.73 0.27933 1.13192 2.29007 0.46903 0.2872 2306000.0 2140000.0 -2387000.0
0.0865 638000000.0 22.1 22.045 61.84296 63.55036 63.951 39.97 -69.18 176.8 0.50811 2.03296 3.08547 0.07899 0.09484 1030000.0 6439000.0 -5132000.0
0.08541 735300000.0 23.17 8.053 61.83968 63.55966 63.94568 60.62 -59.59 191.45 -0.34608 0.89083 2.07854 0.67936 0.29865 1922000.0 1251000.0 -1274000.0
0.08433 635300000.0 22.069 6.713 61.83619 63.56393 63.93235 61.38 -58.0 189.36 -1.46278 0.47653 1.75689 0.77404 0.42794 1537000.0 456300.0 -368100.0
0.08326 562100000.0 21.186 5.727 61.83067 63.56706 63.91915 60.58 -55.47 186.52 2.52653 0.31774 -0.69926 0.75523 0.53728 986600.0 216400.0 -330700.0
0.0822 521900000.0 20.669 5.364 61.82706 63.57074 63.90578 58.71 -52.91 183.93 2.62993 0.8434 0.31824 0.84998 0.56473 875400.0 207300.0 -298900.0
0.08116 483700000.0 20.152 4.332 61.82295 63.57437 63.89291 60.68 -49.58 183.89 2.44 1.28013 1.02206 0.84047 0.57286 738100.0 236500.0 -395400.0
0.08013 454100000.0 19.733 3.573 61.81865 63.57911 63.88134 57.4 -51.89 185.25 2.1735 0.65347 0.08657 0.87213 0.57083 529000.0 251900.0 -437000.0
0.07912 431500000.0 19.4 3.332 61.81477 63.58255 63.86903 55.57 -52.85 185.06 2.01163 0.56827 -0.38974 0.86867 0.59475 333700.0 300000.0 -454000.0
0.07812 413500000.0 19.126 3.364 61.81055 63.58632 63.85633 51.9 -54.0 181.32 1.57662 0.56106 0.05234 0.81933 0.58413 409900.0 390800.0 -464600.0
0.07713 376900000.0 18.545 2.503 61.80774 63.58879 63.84221 57.91 -53.74 182.39 0.70426 1.49224 1.88967 0.72284 0.51222 287200.0 28510.0 -169900.0
0.07615 360200000.0 18.266 2.484 61.8034 63.59362 63.83176 62.87 -52.82 176.68 1.47966 0.68782 0.57309 0.8386 0.65651 423200.0 -77430.0 -150000.0
0.07519 329700000.0 17.735 2.557 61.80124 63.59638 63.81969 47.74 -57.01 174.75 1.38311 1.38143 0.91494 0.95884 0.70665 331500.0 149500.0 -263100.0
0.07423 309900000.0 17.373 3.346 61.79831 63.60151 63.80882 43.78 -59.72 170.39 1.52285 0.67275 -0.08405 0.92808 0.60667 225600.0 171500.0 -2387.0
0.07329 285900000.0 16.913 4.328 61.79579 63.60592 63.79811 44.62 -59.86 172.51 0.51614 0.97127 1.31495 0.79649 0.62306 341000.0 -103800.0 45050.0
0.07236 256200000.0 16.306 5.469 61.79303 63.60976 63.787 47.52 -60.67 168.33 0.69641 0.73167 1.37137 0.76289 0.57753 279900.0 -46480.0 -43220.0
0.07145 216600000.0 15.419 5.192 61.79034 63.61308 63.77716 47.06 -60.9 164.28 0.88032 0.75008 1.47171 0.7033 0.58608 349400.0 -66070.0 -55940.0
0.07054 174200000.0 14.338 3.853 61.78699 63.61713 63.76693 48.84 -59.85 161.62 0.57071 0.63808 0.94939 0.75415 0.62212 132100.0 5358.0 -59410.0
0.06965 151300000.0 13.68 3.354 61.78378 63.62104 63.75602 49.68 -62.51 156.7 0.71291 0.70206 1.14298 0.76629 0.61245 100400.0 8790.0 -59870.0
0.06877 112300000.0 12.387 2.095 61.7812 63.62474 63.74652 49.72 -60.27 154.07 0.17847 0.12135 0.88034 0.92625 0.81017 -66050.0 -93800.0 64700.0
0.0679 116100000.0 12.524 2.485 61.77826 63.62839 63.73686 50.98 -59.4 155.08 -0.06246 -0.52965 1.09073 0.75801 0.67044 -6451.0 -40740.0 48800.0
0.06704 99400000.0 11.893 2.28 61.77578 63.63234 63.72685 45.42 -61.28 157.12 -0.03035 -0.79561 1.03251 0.75239 0.68305 -72220.0 -80720.0 73740.0
0.06619 100800000.0 11.95 3.381 61.77347 63.63649 63.71698 39.97 -64.0 158.89 -0.14209 1.21402 -0.54102 0.84697 0.67757 -29060.0 -103500.0 28790.0
0.06535 93790000.0 11.665 4.458 61.7705 63.6399 63.70718 41.19 -61.94 159.18 0.35793 1.56921 0.29376 0.85977 0.59211 -47880.0 -85410.0 15550.0
0.06452 76770000.0 10.912 5.254 61.76964 63.64684 63.69722 39.17 -63.48 157.7 -0.42248 1.64774 0.69894 0.52545 0.52485 -81560.0 -55390.0 48430.0
0.0637 78640000.0 11.0 5.969 61.76561 63.64775 63.68757 39.16 -64.32 160.12 0.51454 0.57054 0.66304 0.86793 0.39573 -44980.0 -58440.0 -7144.0
0.0629 67920000.0 10.476 4.917 61.76306 63.65226 63.67846 42.03 -64.13 157.13 0.71718 0.53271 1.15486 0.92369 0.38019 -45950.0 -41340.0 2514.0
0.0621 56400000.0 9.846 4.107 61.76099 63.65622 63.66884 43.67 -68.71 161.44 0.57413 -0.85129 0.72611 0.83868 0.45225 -56150.0 -43290.0 -16630.0
0.06131 44800000.0 9.119 3.636 61.75941 63.66025 63.65964 43.8 -69.32 162.98 0.70231 0.88547 0.40656 0.89374 0.54241 -63490.0 -47770.0 -24070.0
0.06054 35810000.0 8.463 3.98 61.757 63.66422 63.65086 39.41 -66.16 156.82 0.48474 0.26011 1.2582 0.69255 0.52893 -34820.0 -18290.0 -11530.0
0.05977 26960000.0 7.699 3.481 61.75504 63.66851 63.64141 39.67 -67.68 156.43 0.85188 1.25497 0.047 0.56748 0.42449 -8581.0 -13180.0 -17740.0
0.05901 23690000.0 7.374 2.465 61.75192 63.67142 63.63198 40.26 -66.86 155.06 0.47494 0.53227 -0.50322 0.88612 0.49628 3021.0 -8275.0 -17050.0
0.05827 19770000.0 6.943 1.618 61.74949 63.67494 63.62329 41.78 -66.42 154.65 0.54144 0.60715 -0.31503 0.76733 0.50086 5844.0 -4757.0 -16390.0
0.05753 16500000.0 6.536 1.271 61.74741 63.67936 63.61428 42.01 -65.73 152.78 0.57685 0.63492 -0.38182 0.56466 0.33486 912.4 -1381.0 -12440.0
0.0568 14910000.0 6.319 1.558 61.74473 63.68269 63.60675 41.84 -64.65 152.21 0.27661 0.42631 0.62307 0.79001 0.39097 3618.0 -777.8 -9654.0
0.05608 11770000.0 5.841 1.238 61.74284 63.68683 63.5968 42.96 -64.76 152.23 0.7167 0.39777 -0.56843 0.52734 0.36791 -85.2 -1128.0 -4853.0
0.05537 11420000.0 5.782 1.734 61.73938 63.6899 63.58951 44.51 -61.73 148.95 -0.22147 -0.20147 0.66038 0.59765 0.3918 -332.5 -120.5 -4032.0
0.05467 9200000.0 5.38 1.043 61.73671 63.69333 63.58067 43.76 -62.0 148.65 -0.35282 -0.25379 0.74859 0.64411 0.4004 -597.0 -605.5 -1976.0
0.05397 8142000.0 5.165 1.308 61.73471 63.69696 63.57284 43.74 -61.21 147.31 0.4055 0.55545 -0.45315 0.6155 0.4191 -570.3 -245.1 -1504.0
0.05329 7472000.0 5.02 1.3 61.73234 63.70056 63.56425 43.73 -61.0 147.83 -0.31726 -0.30574 0.72312 0.69084 0.39665 -565.5 -147.2 -1123.0
0.05262 6979000.0 4.907 1.184 61.73008 63.70396 63.55581 43.45 -61.01 146.51 -0.21472 -0.27232 0.74964 0.69757 0.36446 -641.2 -122.6 -874.7
0.05195 5816000.0 4.617 0.651 61.7277 63.70759 63.54809 43.18 -60.22 145.7 0.25022 0.62934 -0.41609 0.71933 0.4866 -363.1 20.66 -658.0
0.05129 5252000.0 4.463 0.516 61.72533 63.71043 63.54017 42.67 -59.51 144.69 0.10872 -0.25851 0.45087 0.72481 0.5523 -72.54 55.44 -535.5
0.05064 4864000.0 4.35 0.367 61.72327 63.7136 63.53263 42.57 -58.97 143.99 0.29341 -0.13441 0.75621 0.4717 0.59392 -56.99 -123.9 -454.0
0.05 4617000.0 4.276 0.532 61.72081 63.71715 63.52462 42.9 -58.27 143.14 0.141 0.10181 0.66474 0.60277 0.54425 -47.74 -139.2 -402.8
